#N   Time(milli)
0  0.000551
400000  0.001503
800000  0.001611
1200000  0.001629
1600000  0.001607
2000000  0.001701
2400000  0.0016
2800000  0.001552
3200000  0.001656
3600000  0.001535
4000000  0.001744
4400000  0.001733
4800000  0.001696
5200000  0.001927
5600000  0.001635
6000000  0.001861
6400000  0.001495
6800000  0.019026
7200000  0.002027
7600000  0.002146
8000000  0.002309
8400000  0.001993
8800000  0.001942
9200000  0.001873
9600000  0.001661
10000000  0.001898
10400000  0.001846
10800000  0.002058
11200000  0.001527
11600000  0.002081
12000000  0.001615
12400000  0.001691
12800000  0.001628
13200000  0.001831
13600000  0.002006
14000000  0.001659
14400000  0.001937
14800000  0.002053
15200000  0.0018
15600000  0.002157
16000000  0.001765
16400000  0.001864
16800000  0.00176
17200000  0.001931
17600000  0.002153
18000000  0.001689
18400000  0.001959
18800000  0.002081
19200000  0.001689
19600000  0.001907
20000000  0.001832
20400000  0.00195
20800000  0.001933
21200000  0.002132
21600000  0.002115
22000000  0.001961
22400000  0.001813
22800000  0.001926
23200000  0.001945
23600000  0.002353
24000000  0.001856
24400000  0.002035
24800000  0.001713
25200000  0.001761
25600000  0.001728
26000000  0.001895
26400000  0.001709
26800000  0.002091
27200000  0.002038
27600000  0.002007
28000000  0.00188
28400000  0.002261
28800000  0.001747
29200000  0.002218
29600000  0.001886
30000000  0.001815
30400000  0.00192
30800000  0.001774
31200000  0.001941
31600000  0.002059
32000000  0.001658
32400000  0.001947
32800000  0.00196
33200000  0.002315
33600000  0.001834
34000000  0.002106
34400000  0.001841
34800000  0.001927
35200000  0.002176
35600000  0.00198
36000000  0.001876
36400000  0.001825
36800000  0.002345
37200000  0.001822
37600000  0.00192
38000000  0.002253
38400000  0.001765
38800000  0.002137
39200000  0.001915
39600000  0.002223
40000000  0.001866
40400000  0.002132
40800000  0.002107
41200000  0.002153
41600000  0.001922
42000000  0.001912
42400000  0.001877
42800000  0.002132
43200000  0.001868
43600000  0.001933
44000000  0.001927
44400000  0.001987
44800000  0.001778
45200000  0.001937
45600000  0.00215
46000000  0.002162
46400000  0.001932
46800000  0.002067
47200000  0.002279
47600000  0.002023
48000000  0.001823
48400000  0.002278
48800000  0.001919
49200000  0.001945
49600000  0.001821
50000000  0.001962
50400000  0.001891
50800000  0.001747
51200000  0.001711
51600000  0.001931
52000000  0.002108
52400000  0.002099
52800000  0.001629
53200000  0.002247
53600000  0.001976
54000000  0.002031
54400000  0.001859
54800000  0.002191
55200000  0.001811
55600000  0.002024
56000000  0.002182
56400000  0.001777
56800000  0.001879
57200000  0.001973
57600000  0.001504
58000000  0.001881
58400000  0.001947
58800000  0.001788
59200000  0.001812
59600000  0.001991
60000000  0.002047
60400000  0.001683
60800000  0.0019
61200000  0.001841
61600000  0.001704
62000000  0.001967
62400000  0.001941
62800000  0.002165
63200000  0.001897
63600000  0.002261
64000000  0.001601
64400000  0.001716
64800000  0.001726
65200000  0.001784
65600000  0.001581
66000000  0.001921
66400000  0.001643
66800000  0.001999
67200000  0.001627
67600000  0.001667
68000000  0.001657
68400000  0.001769
68800000  0.002045
69200000  0.001691
69600000  0.001737
70000000  0.001943
70400000  0.00158
70800000  0.001835
71200000  0.001884
71600000  0.001832
72000000  0.001824
72400000  0.001675
72800000  0.001782
73200000  0.001649
73600000  0.001767
74000000  0.001765
74400000  0.001891
74800000  0.001618
75200000  0.001944
75600000  0.001645
76000000  0.001734
76400000  0.001728
76800000  0.001511
77200000  0.002104
77600000  0.001873
78000000  0.00155
78400000  0.001857
78800000  0.001775
79200000  0.001876
79600000  0.001853
80000000  0.001735
80400000  0.00174
80800000  0.001859
81200000  0.001931
81600000  0.001681
82000000  0.00187
82400000  0.001759
82800000  0.001587
83200000  0.001794
83600000  0.001843
84000000  0.001838
84400000  0.002039
84800000  0.0017
85200000  0.002145
85600000  0.001822
86000000  0.001984
86400000  0.001675
86800000  0.001817
87200000  0.001827
87600000  0.002068
88000000  0.001579
88400000  0.002039
88800000  0.002068
89200000  0.001956
89600000  0.001584
90000000  0.001747
90400000  0.00199
90800000  0.002269
91200000  0.001868
91600000  0.001902
92000000  0.002007
92400000  0.002089
92800000  0.001829
93200000  0.002076
93600000  0.001941
94000000  0.001771
94400000  0.001977
94800000  0.001941
95200000  0.001746
95600000  0.00216
96000000  0.001666
96400000  0.001967
96800000  0.002011
97200000  0.001821
97600000  0.001828
98000000  0.001849
98400000  0.002079
98800000  0.002003
99200000  0.001768
99600000  0.001984
100000000  0.001698
100400000  0.002386
100800000  0.001834
101200000  0.00197
101600000  0.001839
102000000  0.00188
102400000  0.001703
102800000  0.001979
103200000  0.001805
103600000  0.001922
104000000  0.001895
104400000  0.002066
104800000  0.001921
105200000  0.002204
105600000  0.00188
106000000  0.002341
106400000  0.00191
106800000  0.001885
107200000  0.001876
107600000  0.002052
108000000  0.001787
108400000  0.002203
108800000  0.001947
109200000  0.001822
109600000  0.001895
110000000  0.002318
110400000  0.00187
110800000  0.002144
111200000  0.001929
111600000  0.002054
112000000  0.001753
112400000  0.002199
112800000  0.002055
113200000  0.002168
113600000  0.001913
114000000  0.001933
114400000  0.001905
114800000  0.002031
115200000  0.001678
115600000  0.001968
116000000  0.00202
116400000  0.002183
116800000  0.001992
117200000  0.001781
117600000  0.001771
118000000  0.002019
118400000  0.001828
118800000  0.001985
119200000  0.001838
119600000  0.00177
120000000  0.001927
120400000  0.001908
120800000  0.001836
121200000  0.002277
121600000  0.001687
122000000  0.001862
122400000  0.001606
122800000  0.002037
123200000  0.002072
123600000  0.002116
124000000  0.001845
124400000  0.001804
124800000  0.001807
125200000  0.002052
125600000  0.0016
126000000  0.001605
126400000  0.001818
126800000  0.001685
127200000  0.00224
127600000  0.002045
128000000  0.00148
128400000  0.001931
128800000  0.001795
129200000  0.002097
129600000  0.001781
130000000  0.001473
130400000  0.001833
130800000  0.001964
131200000  0.002077
131600000  0.00181
132000000  0.001631
132400000  0.001792
132800000  0.001606
133200000  0.00181
133600000  0.001694
134000000  0.001814
134400000  0.001508
134800000  0.001868
135200000  0.001715
135600000  0.00205
136000000  0.001634
136400000  0.001589
136800000  0.00176
137200000  0.001925
137600000  0.001899
138000000  0.001813
138400000  0.001807
138800000  0.002001
139200000  0.00191
139600000  0.001877
140000000  0.001718
140400000  0.00208
140800000  0.001668
141200000  0.002157
141600000  0.001943
142000000  0.002148
142400000  0.002051
142800000  0.001884
143200000  0.002254
143600000  0.001962
144000000  0.002018
144400000  0.002054
144800000  0.002292
145200000  0.001991
145600000  0.002003
146000000  0.00191
146400000  0.00203
146800000  0.002231
147200000  0.001714
147600000  0.001941
148000000  0.002399
148400000  0.00217
148800000  0.002312
149200000  0.00218
149600000  0.002029
150000000  0.002202
150400000  0.002353
150800000  0.002185
151200000  0.002011
151600000  0.002505
152000000  0.002099
152400000  0.00208
152800000  0.002129
153200000  0.002155
153600000  0.001847
154000000  0.002411
154400000  0.002178
154800000  0.002264
155200000  0.002369
155600000  0.002273
156000000  0.002266
156400000  0.002281
156800000  0.00209
157200000  0.002229
157600000  0.002197
158000000  0.002243
158400000  0.002294
158800000  0.002429
159200000  0.002089
159600000  0.002157
160000000  0.00206
160400000  0.002533
160800000  0.002157
161200000  0.001989
161600000  0.002168
162000000  0.002122
162400000  0.002144
162800000  0.00234
163200000  0.001962
163600000  0.002263
164000000  0.002368
164400000  0.00227
164800000  0.002274
165200000  0.00214
165600000  0.002289
166000000  0.002209
166400000  0.001741
166800000  0.002256
167200000  0.00226
167600000  0.002374
168000000  0.002054
168400000  0.002306
168800000  0.002177
169200000  0.002246
169600000  0.002042
170000000  0.002134
170400000  0.002234
170800000  0.002262
171200000  0.00229
171600000  0.002375
172000000  0.002049
172400000  0.002272
172800000  0.001893
173200000  0.002011
173600000  0.002149
174000000  0.002012
174400000  0.002249
174800000  0.002333
175200000  0.002299
175600000  0.002246
176000000  0.001993
176400000  0.001951
176800000  0.002123
177200000  0.00238
177600000  0.002106
178000000  0.002205
178400000  0.002167
178800000  0.002371
179200000  0.001777
179600000  0.002189
180000000  0.002189
180400000  0.002083
180800000  0.00199
181200000  0.002146
181600000  0.002429
182000000  0.002011
182400000  0.024176
182800000  0.012104
183200000  0.00208
183600000  0.002114
184000000  0.002136
184400000  0.002565
184800000  0.001853
185200000  0.002123
185600000  0.00184
186000000  0.001947
186400000  0.002334
186800000  0.00203
187200000  0.002254
187600000  0.001934
188000000  0.002003
188400000  0.002135
188800000  0.00219
189200000  0.002081
189600000  0.001883
190000000  0.00225
190400000  0.002012
190800000  0.001709
191200000  0.001988
191600000  0.00209
192000000  0.00174
192400000  0.001969
192800000  0.002366
193200000  0.00194
193600000  0.001967
194000000  0.002064
194400000  0.002304
194800000  0.001847
195200000  0.001673
195600000  0.001887
196000000  0.002042
196400000  0.002106
196800000  0.002054
197200000  0.002004
197600000  0.002287
198000000  0.001762
198400000  0.001629
198800000  0.002084
199200000  0.002133
199600000  0.002116
200000000  0.001971
200400000  0.002346
200800000  0.002054
201200000  0.002034
201600000  0.001845
202000000  0.002365
202400000  0.001973
202800000  0.002299
203200000  0.001804
203600000  0.002175
204000000  0.002094
204400000  0.001743
204800000  0.002006
205200000  0.001799
205600000  0.002176
206000000  0.002224
206400000  0.001846
206800000  0.002124
207200000  0.001882
207600000  0.002158
208000000  0.001736
208400000  0.002053
208800000  0.001896
209200000  0.002052
209600000  0.002173
210000000  0.001965
210400000  0.002147
210800000  0.002009
211200000  0.001637
211600000  0.001734
212000000  0.001889
212400000  0.001734
212800000  0.001788
213200000  0.002101
213600000  0.001756
214000000  0.001805
214400000  0.001687
214800000  0.001899
215200000  0.001872
215600000  0.001987
216000000  0.001739
216400000  0.001814
216800000  0.001692
217200000  0.001979
217600000  0.001538
218000000  0.001966
218400000  0.00215
218800000  0.001938
219200000  0.001685
219600000  0.002085
220000000  0.00174
220400000  0.001841
220800000  0.001811
221200000  0.001803
221600000  0.001857
222000000  0.001917
222400000  0.00209
222800000  0.001441
223200000  0.001657
223600000  0.001916
224000000  0.001717
224400000  0.001584
224800000  0.00146
225200000  0.001947
225600000  0.001686
226000000  0.001669
226400000  0.001715
226800000  0.001638
227200000  0.001487
227600000  0.001972
228000000  0.001501
228400000  0.001562
228800000  0.001573
229200000  0.001943
229600000  0.001825
230000000  0.001692
230400000  0.001587
230800000  0.00187
231200000  0.001586
231600000  0.001595
232000000  0.001879
232400000  0.001628
232800000  0.001417
233200000  0.001729
233600000  0.001504
234000000  0.00141
234400000  0.001692
234800000  0.001633
235200000  0.001502
235600000  0.001487
236000000  0.001796
236400000  0.001762
236800000  0.001636
237200000  0.001903
237600000  0.001787
238000000  0.001815
238400000  0.001687
238800000  0.002047
239200000  0.0021
239600000  0.001957
240000000  0.00159
240400000  0.001736
240800000  0.001881
241200000  0.001969
241600000  0.001894
242000000  0.002134
242400000  0.001941
242800000  0.001946
243200000  0.001632
243600000  0.002094
244000000  0.001821
244400000  0.001845
244800000  0.00177
245200000  0.001745
245600000  0.001765
246000000  0.001858
246400000  0.001699
246800000  0.002239
247200000  0.001919
247600000  0.001828
248000000  0.001983
248400000  0.002218
248800000  0.001855
249200000  0.002042
249600000  0.001639
250000000  0.002315
250400000  0.001999
250800000  0.002041
251200000  0.001898
251600000  0.002149
252000000  0.001789
252400000  0.002038
252800000  0.00181
253200000  0.001949
253600000  0.002018
254000000  0.00149
254400000  0.001801
254800000  0.001888
255200000  0.002035
255600000  0.002024
256000000  0.001618
256400000  0.002158
256800000  0.001811
257200000  0.002377
257600000  0.002
258000000  0.00185
258400000  0.001954
258800000  0.002194
259200000  0.002266
259600000  0.002043
260000000  0.00235
260400000  0.001941
260800000  0.002061
261200000  0.002286
261600000  0.002066
262000000  0.002228
262400000  0.001947
262800000  0.0021
263200000  0.005751
263600000  0.002154
264000000  0.002063
264400000  0.001998
264800000  0.002059
265200000  0.002324
265600000  0.002162
266000000  0.002089
266400000  0.001964
266800000  0.002402
267200000  0.002194
267600000  0.002263
268000000  0.00217
268400000  0.002581
268800000  0.001678
269200000  0.002276
269600000  0.002136
270000000  0.002533
270400000  0.002278
270800000  0.002654
271200000  0.002341
271600000  0.002263
272000000  0.002295
272400000  0.002458
272800000  0.002135
273200000  0.002325
273600000  0.002342
274000000  0.002054
274400000  0.002356
274800000  0.002287
275200000  0.002482
275600000  0.002337
276000000  0.001981
276400000  0.002264
276800000  0.002207
277200000  0.002333
277600000  0.002294
278000000  0.002051
278400000  0.00204
278800000  0.002315
279200000  0.002254
279600000  0.002609
280000000  0.002014
280400000  0.002105
280800000  0.002387
281200000  0.00207
281600000  0.001884
282000000  0.002253
282400000  0.002607
282800000  0.002241
283200000  0.002291
283600000  0.002392
284000000  0.002591
284400000  0.002077
284800000  0.002375
285200000  0.002056
285600000  0.00215
286000000  0.002534
286400000  0.002192
286800000  0.002383
287200000  0.002306
287600000  0.00226
288000000  0.001933
288400000  0.002496
288800000  0.002325
289200000  0.002344
289600000  0.002364
290000000  0.002428
290400000  0.00217
290800000  0.002301
291200000  0.002281
291600000  0.00219
292000000  0.002166
292400000  0.002293
292800000  0.00236
293200000  0.002416
293600000  0.002427
294000000  0.002148
294400000  0.002216
294800000  0.002325
295200000  0.001965
295600000  0.002508
296000000  0.002027
296400000  0.00231
296800000  0.002276
297200000  0.002306
297600000  0.001894
298000000  0.00258
298400000  0.00223
298800000  0.002063
299200000  0.002079
299600000  0.002315
300000000  0.002429
300400000  0.002254
300800000  0.002207
301200000  0.002249
301600000  0.002333
302000000  0.002153
302400000  0.002436
302800000  0.002197
303200000  0.002256
303600000  0.002111
304000000  0.001979
304400000  0.002437
304800000  0.001904
305200000  0.002124
305600000  0.002306
306000000  0.001992
306400000  0.002166
306800000  0.002445
307200000  0.00155
307600000  0.00207
308000000  0.002223
308400000  0.002182
308800000  0.0021
309200000  0.002198
309600000  0.002342
310000000  0.001988
310400000  0.002479
310800000  0.002297
311200000  0.00214
311600000  0.002274
312000000  0.001948
312400000  0.001815
312800000  0.001814
313200000  0.00193
313600000  0.001761
314000000  0.002146
314400000  0.0018
314800000  0.001875
315200000  0.002558
315600000  0.00206
316000000  0.001948
316400000  0.001932
316800000  0.001977
317200000  0.002126
317600000  0.002018
318000000  0.001965
318400000  0.001996
318800000  0.001989
319200000  0.002054
319600000  0.002137
320000000  0.002256
320400000  0.002
320800000  0.002321
321200000  0.001919
321600000  0.002324
322000000  0.002231
322400000  0.001736
322800000  0.002052
323200000  0.002001
323600000  0.002088
324000000  0.001826
324400000  0.002411
324800000  0.00201
325200000  0.002021
325600000  0.002199
326000000  0.001736
326400000  0.00189
326800000  0.002144
327200000  0.002258
327600000  0.001825
328000000  0.002226
328400000  0.00217
328800000  0.001981
329200000  0.002118
329600000  0.002061
330000000  0.002264
330400000  0.001963
330800000  0.002346
331200000  0.002289
331600000  0.002177
332000000  0.002592
332400000  0.001982
332800000  0.002106
333200000  0.002128
333600000  0.002472
334000000  0.002049
334400000  0.002479
334800000  0.002029
335200000  0.002226
335600000  0.002042
336000000  0.001923
336400000  0.002095
336800000  0.00237
337200000  0.002328
337600000  0.002083
338000000  0.002489
338400000  0.00215
338800000  0.002082
339200000  0.002049
339600000  0.002135
340000000  0.001989
340400000  0.002183
340800000  0.002202
341200000  0.002398
341600000  0.002534
342000000  0.00205
342400000  0.001929
342800000  0.002325
343200000  0.002229
343600000  0.002258
344000000  0.002119
344400000  0.002204
344800000  0.002177
345200000  0.002367
345600000  0.002096
346000000  0.002286
346400000  0.002419
346800000  0.001994
347200000  0.001809
347600000  0.002277
348000000  0.002048
348400000  0.002
348800000  0.002293
349200000  0.001926
349600000  0.002077
350000000  0.002071
350400000  0.002279
350800000  0.00221
351200000  0.002439
351600000  0.002144
352000000  0.002048
352400000  0.002248
352800000  0.001835
353200000  0.00239
353600000  0.002289
354000000  0.002108
354400000  0.002167
354800000  0.00269
355200000  0.002172
355600000  0.00194
356000000  0.002552
356400000  0.002216
356800000  0.00233
357200000  0.002251
357600000  0.002307
358000000  0.00222
358400000  0.002049
358800000  0.002069
359200000  0.002678
359600000  0.002184
360000000  0.00227
360400000  0.002521
360800000  0.002392
361200000  0.002198
361600000  0.002191
362000000  0.002431
362400000  0.002602
362800000  0.002638
363200000  0.002334
363600000  0.002373
364000000  0.002322
364400000  0.002564
364800000  0.002168
365200000  0.00257
365600000  0.002427
366000000  0.002557
366400000  0.00246
366800000  0.002492
367200000  0.002088
367600000  0.002519
368000000  0.002354
368400000  0.002391
368800000  0.002753
369200000  0.002402
369600000  0.002389
370000000  0.00234
370400000  0.002558
370800000  0.002333
371200000  0.00204
371600000  0.035832
372000000  0.00191
372400000  0.002184
372800000  0.002303
373200000  0.00204
373600000  0.002358
374000000  0.002067
374400000  0.001977
374800000  0.002199
375200000  0.002078
375600000  0.002334
376000000  0.002234
376400000  0.002321
376800000  0.00207
377200000  0.002207
377600000  0.001944
378000000  0.002096
378400000  0.002421
378800000  0.002248
379200000  0.001921
379600000  0.002092
380000000  0.002024
380400000  0.002062
380800000  0.002237
381200000  0.002139
381600000  0.00248
382000000  0.002036
382400000  0.002224
382800000  0.002316
383200000  0.002282
383600000  0.001989
384000000  0.001993
384400000  0.00211
384800000  0.002011
385200000  0.002119
385600000  0.002069
386000000  0.002025
386400000  0.002105
386800000  0.00188
387200000  0.002158
387600000  0.001685
388000000  0.001635
388400000  0.002187
388800000  0.001765
389200000  0.002123
389600000  0.001866
390000000  0.001692
390400000  0.001784
390800000  0.00187
391200000  0.001805
391600000  0.001933
392000000  0.002006
392400000  0.001912
392800000  0.001771
393200000  0.001772
393600000  0.001724
394000000  0.002247
394400000  0.001724
394800000  0.001704
395200000  0.001899
395600000  0.001446
396000000  0.002078
396400000  0.00173
396800000  0.001689
397200000  0.002057
397600000  0.001543
398000000  0.001686
398400000  0.001411
398800000  0.001782
399200000  0.001671
399600000  0.001571
