#N   Time(milli)
0  0.000211
400000  0.00186
800000  0.001745
1200000  0.001659
1600000  0.001678
2000000  0.001825
2400000  0.00175
2800000  0.00173
3200000  0.001662
3600000  0.001764
4000000  0.001848
4400000  0.001926
4800000  0.001872
5200000  0.00202
5600000  0.002083
6000000  0.001822
6400000  0.001713
6800000  0.002079
7200000  0.001909
7600000  0.002105
8000000  0.001997
8400000  0.002005
8800000  0.001948
9200000  0.002042
9600000  0.001866
10000000  0.00196
10400000  0.002205
10800000  0.001924
11200000  0.001938
11600000  0.002152
12000000  0.001857
12400000  0.002101
12800000  0.001815
13200000  0.001933
13600000  0.00191
14000000  0.001939
14400000  0.002234
14800000  0.002177
15200000  0.00204
15600000  0.002025
16000000  0.002005
16400000  0.002139
16800000  0.002057
17200000  0.002092
17600000  0.002044
18000000  0.001896
18400000  0.002112
18800000  0.002181
19200000  0.001918
19600000  0.00216
20000000  0.002021
20400000  0.002038
20800000  0.002365
21200000  0.002217
21600000  0.002286
22000000  0.002078
22400000  0.00203
22800000  0.002099
23200000  0.002372
23600000  0.002214
24000000  0.002027
24400000  0.002175
24800000  0.002063
25200000  0.001916
25600000  0.001899
26000000  0.002089
26400000  0.002062
26800000  0.002457
27200000  0.002091
27600000  0.002178
28000000  0.002088
28400000  0.002214
28800000  0.002046
29200000  0.002149
29600000  0.002176
30000000  0.001985
30400000  0.002137
30800000  0.002158
31200000  0.002144
31600000  0.002513
32000000  0.001983
32400000  0.0024
32800000  0.00212
33200000  0.002521
33600000  0.002091
34000000  0.002008
34400000  0.002192
34800000  0.00244
35200000  0.002112
35600000  0.002247
36000000  0.002064
36400000  0.002099
36800000  0.002328
37200000  0.001948
37600000  0.002321
38000000  0.002213
38400000  0.001974
38800000  0.002263
39200000  0.002186
39600000  0.002263
40000000  0.002175
40400000  0.00243
40800000  0.002122
41200000  0.002498
41600000  0.002189
42000000  0.001991
42400000  0.002208
42800000  0.002563
43200000  0.002133
43600000  0.002561
44000000  0.002123
44400000  0.002172
44800000  0.00208
45200000  0.002305
45600000  0.002331
46000000  0.0023
46400000  0.002308
46800000  0.002174
47200000  0.002204
47600000  0.002138
48000000  0.002417
48400000  0.002313
48800000  0.002197
49200000  0.002241
49600000  0.002035
50000000  0.002212
50400000  0.001948
50800000  0.001802
51200000  0.001843
51600000  0.002461
52000000  0.002094
52400000  0.00256
52800000  0.00222
53200000  0.002191
53600000  0.002262
54000000  0.002075
54400000  0.002436
54800000  0.002353
55200000  0.002514
55600000  0.002307
56000000  0.002463
56400000  0.002295
56800000  0.002249
57200000  0.002339
57600000  0.002255
58000000  0.002255
58400000  0.00241
58800000  0.002086
59200000  0.002439
59600000  0.002382
60000000  0.002138
60400000  0.002495
60800000  0.002187
61200000  0.002435
61600000  0.002247
62000000  0.002117
62400000  0.002263
62800000  0.002462
63200000  0.00235
63600000  0.002432
64000000  0.002011
64400000  0.002211
64800000  0.002197
65200000  0.002314
65600000  0.002464
66000000  0.002067
66400000  0.002505
66800000  0.002418
67200000  0.002413
67600000  0.002357
68000000  0.002068
68400000  0.00219
68800000  0.002631
69200000  0.002387
69600000  0.002474
70000000  0.002216
70400000  0.002502
70800000  0.002405
71200000  0.002736
71600000  0.0024
72000000  0.002505
72400000  0.002403
72800000  0.002221
73200000  0.002298
73600000  0.002296
74000000  0.002406
74400000  0.002054
74800000  0.002229
75200000  0.002504
75600000  0.001988
76000000  0.002214
76400000  0.002432
76800000  0.001992
77200000  0.00238
77600000  0.002374
78000000  0.002054
78400000  0.002484
78800000  0.002406
79200000  0.002379
79600000  0.002471
80000000  0.002407
80400000  0.002327
80800000  0.002429
81200000  0.002214
81600000  0.002218
82000000  0.002379
82400000  0.002458
82800000  0.002275
83200000  0.002523
83600000  0.002454
84000000  0.002249
84400000  0.002392
84800000  0.002526
85200000  0.002292
85600000  0.002344
86000000  0.002558
86400000  0.002314
86800000  0.002356
87200000  0.002363
87600000  0.002438
88000000  0.00258
88400000  0.002338
88800000  0.00247
89200000  0.002415
89600000  0.002102
90000000  0.002349
90400000  0.002694
90800000  0.002365
91200000  0.002455
91600000  0.002374
92000000  0.002578
92400000  0.00222
92800000  0.002551
93200000  0.002419
93600000  0.002648
94000000  0.002354
94400000  0.002655
94800000  0.002307
95200000  0.002265
95600000  0.002392
96000000  0.002285
96400000  0.002459
96800000  0.002447
97200000  0.002533
97600000  0.002371
98000000  0.00237
98400000  0.002325
98800000  0.002432
99200000  0.002159
99600000  0.002407
100000000  0.002333
100400000  0.002964
100800000  0.002116
101200000  0.00251
101600000  0.002001
102000000  0.002074
102400000  0.001885
102800000  0.002348
103200000  0.002415
103600000  0.002515
104000000  0.002543
104400000  0.002334
104800000  0.002453
105200000  0.002434
105600000  0.002461
106000000  0.002394
106400000  0.002312
106800000  0.002395
107200000  0.002381
107600000  0.002419
108000000  0.002245
108400000  0.00242
108800000  0.002578
109200000  0.00217
109600000  0.002736
110000000  0.00234
110400000  0.00264
110800000  0.002478
111200000  0.002669
111600000  0.002147
112000000  0.002524
112400000  0.002452
112800000  0.00271
113200000  0.00239
113600000  0.002355
114000000  0.002223
114400000  0.002443
114800000  0.002605
115200000  0.002157
115600000  0.002615
116000000  0.002371
116400000  0.002564
116800000  0.00224
117200000  0.002515
117600000  0.002181
118000000  0.002408
118400000  0.002392
118800000  0.002297
119200000  0.002462
119600000  0.002709
120000000  0.002252
120400000  0.002433
120800000  0.002436
121200000  0.002624
121600000  0.002264
122000000  0.002599
122400000  0.002233
122800000  0.002453
123200000  0.002379
123600000  0.002385
124000000  0.00224
124400000  0.002426
124800000  0.002339
125200000  0.002441
125600000  0.002519
126000000  0.002088
126400000  0.002527
126800000  0.002452
127200000  0.002434
127600000  0.002433
128000000  0.002262
128400000  0.002366
128800000  0.002665
129200000  0.002355
129600000  0.002701
130000000  0.002274
130400000  0.0027
130800000  0.002385
131200000  0.002619
131600000  0.00235
132000000  0.002162
132400000  0.002407
132800000  0.00233
133200000  0.002423
133600000  0.002424
134000000  0.002502
134400000  0.002267
134800000  0.002511
135200000  0.002406
135600000  0.00262
136000000  0.002345
136400000  0.002229
136800000  0.002335
137200000  0.002488
137600000  0.002347
138000000  0.002445
138400000  0.002363
138800000  0.002609
139200000  0.002468
139600000  0.002441
140000000  0.002432
140400000  0.002719
140800000  0.002286
141200000  0.002754
141600000  0.002418
142000000  0.002611
142400000  0.002628
142800000  0.002516
143200000  0.002462
143600000  0.002631
144000000  0.00239
144400000  0.002618
144800000  0.002449
145200000  0.002473
145600000  0.002419
146000000  0.00237
146400000  0.00249
146800000  0.002787
147200000  0.002528
147600000  0.002684
148000000  0.002451
148400000  0.00269
148800000  0.00224
149200000  0.002713
149600000  0.002319
150000000  0.002533
150400000  0.002481
150800000  0.002835
151200000  0.002142
151600000  0.002476
152000000  0.002403
152400000  0.002054
152800000  0.002695
153200000  0.002488
153600000  0.002272
154000000  0.002401
154400000  0.002518
154800000  0.002264
155200000  0.002748
155600000  0.002539
156000000  0.002414
156400000  0.002407
156800000  0.002617
157200000  0.002524
157600000  0.002764
158000000  0.002443
158400000  0.002578
158800000  0.002538
159200000  0.002724
159600000  0.00229
160000000  0.002291
160400000  0.002505
160800000  0.002455
161200000  0.00228
161600000  0.002676
162000000  0.002282
162400000  0.002339
162800000  0.002548
163200000  0.002557
163600000  0.002505
164000000  0.0025
164400000  0.00244
164800000  0.002762
165200000  0.00248
165600000  0.00241
166000000  0.002416
166400000  0.002542
166800000  0.002452
167200000  0.002691
167600000  0.002558
168000000  0.002468
168400000  0.002608
168800000  0.002696
169200000  0.002522
169600000  0.002532
170000000  0.002256
170400000  0.002695
170800000  0.00249
171200000  0.002676
171600000  0.002428
172000000  0.002542
172400000  0.002433
172800000  0.002595
173200000  0.002553
173600000  0.002347
174000000  0.002366
174400000  0.002479
174800000  0.002516
175200000  0.002333
175600000  0.002557
176000000  0.002898
176400000  0.002143
176800000  0.002623
177200000  0.002523
177600000  0.002487
178000000  0.002525
178400000  0.002575
178800000  0.002483
179200000  0.002366
179600000  0.002496
180000000  0.002442
180400000  0.002498
180800000  0.002857
181200000  0.00255
181600000  0.002739
182000000  0.002438
182400000  0.0027
182800000  0.002492
183200000  0.002577
183600000  0.002399
184000000  0.002532
184400000  0.002615
184800000  0.002462
185200000  0.002513
185600000  0.002541
186000000  0.00221
186400000  0.002722
186800000  0.002586
187200000  0.002387
187600000  0.002512
188000000  0.002703
188400000  0.002474
188800000  0.002546
189200000  0.002523
189600000  0.002473
190000000  0.002481
190400000  0.002689
190800000  0.002535
191200000  0.002747
191600000  0.002518
192000000  0.002498
192400000  0.002514
192800000  0.002724
193200000  0.002326
193600000  0.002744
194000000  0.00248
194400000  0.002666
194800000  0.002509
195200000  0.002702
195600000  0.002499
196000000  0.002546
196400000  0.002522
196800000  0.0029
197200000  0.002486
197600000  0.002739
198000000  0.002237
198400000  0.002547
198800000  0.00253
199200000  0.002774
199600000  0.0025
200000000  0.002668
200400000  0.002472
200800000  0.002386
201200000  0.002605
201600000  0.002419
202000000  0.002423
202400000  0.002723
202800000  0.002458
203200000  0.002196
203600000  0.002554
204000000  0.002015
204400000  0.002229
204800000  0.002098
205200000  0.002528
205600000  0.002397
206000000  0.002749
206400000  0.002308
206800000  0.002773
207200000  0.012428
207600000  0.042361
208000000  0.002275
208400000  0.002524
208800000  0.002546
209200000  0.002507
209600000  0.00284
210000000  0.002275
210400000  0.002679
210800000  0.002299
211200000  0.002398
211600000  0.002554
212000000  0.002651
212400000  0.002394
212800000  0.002703
213200000  0.002542
213600000  0.002772
214000000  0.002495
214400000  0.002735
214800000  0.002536
215200000  0.002793
215600000  0.002483
216000000  0.002572
216400000  0.002583
216800000  0.002496
217200000  0.002585
217600000  0.002462
218000000  0.002526
218400000  0.002507
218800000  0.002504
219200000  0.002768
219600000  0.002486
220000000  0.002461
220400000  0.002572
220800000  0.002555
221200000  0.002518
221600000  0.002702
222000000  0.002482
222400000  0.002709
222800000  0.002511
223200000  0.002538
223600000  0.002538
224000000  0.002496
224400000  0.002462
224800000  0.002801
225200000  0.002517
225600000  0.0027
226000000  0.002595
226400000  0.002874
226800000  0.002169
227200000  0.002704
227600000  0.002525
228000000  0.002425
228400000  0.002597
228800000  0.002439
229200000  0.002528
229600000  0.002182
230000000  0.019413
230400000  0.002099
230800000  0.002763
231200000  0.00235
231600000  0.002551
232000000  0.002363
232400000  0.002437
232800000  0.002272
233200000  0.00241
233600000  0.002118
234000000  0.002007
234400000  0.00238
234800000  0.002329
235200000  0.002314
235600000  0.002105
236000000  0.002466
236400000  0.002252
236800000  0.002426
237200000  0.002287
237600000  0.002221
238000000  0.002051
238400000  0.002458
238800000  0.002425
239200000  0.002318
239600000  0.002425
240000000  0.002176
240400000  0.002505
240800000  0.002291
241200000  0.002405
241600000  0.002306
242000000  0.002603
242400000  0.002307
242800000  0.002426
243200000  0.00223
243600000  0.002687
244000000  0.002176
244400000  0.002466
244800000  0.002115
245200000  0.002503
245600000  0.002352
246000000  0.002182
246400000  0.002263
246800000  0.002338
247200000  0.00262
247600000  0.002316
248000000  0.002281
248400000  0.002317
248800000  0.002587
249200000  0.002278
249600000  0.002181
250000000  0.002245
250400000  0.002319
250800000  0.002258
251200000  0.002597
251600000  0.002251
252000000  0.002239
252400000  0.00237
252800000  0.00238
253200000  0.002308
253600000  0.002419
254000000  0.001993
254400000  0.002377
254800000  0.002237
255200000  0.002412
255600000  0.002352
256000000  0.00219
256400000  0.002373
256800000  0.002398
257200000  0.002373
257600000  0.002306
258000000  0.002428
258400000  0.002321
258800000  0.002433
259200000  0.002349
259600000  0.002544
260000000  0.002261
260400000  0.002222
260800000  0.002257
261200000  0.002322
261600000  0.002238
262000000  0.002265
262400000  0.002276
262800000  0.0022
263200000  0.00236
263600000  0.002461
264000000  0.002178
264400000  0.002364
264800000  0.002286
265200000  0.002229
265600000  0.002571
266000000  0.002352
266400000  0.002271
266800000  0.002307
267200000  0.002375
267600000  0.002267
268000000  0.002553
268400000  0.00235
268800000  0.002194
269200000  0.00231
269600000  0.002321
270000000  0.002419
270400000  0.002425
270800000  0.002536
271200000  0.002346
271600000  0.002514
272000000  0.002105
272400000  0.002502
272800000  0.002128
273200000  0.002325
273600000  0.002316
274000000  0.002354
274400000  0.00228
274800000  0.002578
275200000  0.002353
275600000  0.002591
276000000  0.002156
276400000  0.00263
276800000  0.002274
277200000  0.002111
277600000  0.002476
278000000  0.00231
278400000  0.002442
278800000  0.002392
279200000  0.002381
279600000  0.002442
280000000  0.00238
280400000  0.002363
280800000  0.00242
281200000  0.002386
281600000  0.002174
282000000  0.002251
282400000  0.002372
282800000  0.002333
283200000  0.002535
283600000  0.002426
284000000  0.002541
284400000  0.002253
284800000  0.002506
285200000  0.002347
285600000  0.002183
286000000  0.002503
286400000  0.002462
286800000  0.002287
287200000  0.002392
287600000  0.002448
288000000  0.002155
288400000  0.002344
288800000  0.002489
289200000  0.002503
289600000  0.002394
290000000  0.002611
290400000  0.00224
290800000  0.002513
291200000  0.002272
291600000  0.002363
292000000  0.002178
292400000  0.002389
292800000  0.002299
293200000  0.002373
293600000  0.002621
294000000  0.002215
294400000  0.002502
294800000  0.002401
295200000  0.002706
295600000  0.00236
296000000  0.00262
296400000  0.002348
296800000  0.002487
297200000  0.002377
297600000  0.002496
298000000  0.002419
298400000  0.002602
298800000  0.002245
299200000  0.002593
299600000  0.002327
300000000  0.002344
300400000  0.002369
300800000  0.002548
301200000  0.002375
301600000  0.002562
302000000  0.002377
302400000  0.002365
302800000  0.002385
303200000  0.002576
303600000  0.002274
304000000  0.002395
304400000  0.002497
304800000  0.001968
305200000  0.002429
305600000  0.002409
306000000  0.00215
306400000  0.002328
306800000  0.002339
307200000  0.002033
307600000  0.002382
308000000  0.002313
308400000  0.002536
308800000  0.002396
309200000  0.002398
309600000  0.002284
310000000  0.002283
310400000  0.00243
310800000  0.002238
311200000  0.002577
311600000  0.002371
312000000  0.002371
312400000  0.002422
312800000  0.002386
313200000  0.002358
313600000  0.002463
314000000  0.002406
314400000  0.002451
314800000  0.002371
315200000  0.002725
315600000  0.002343
316000000  0.002477
316400000  0.002229
316800000  0.002449
317200000  0.00239
317600000  0.002597
318000000  0.002158
318400000  0.002615
318800000  0.002494
319200000  0.002404
319600000  0.002345
320000000  0.002235
320400000  0.002383
320800000  0.002373
321200000  0.002438
321600000  0.002398
322000000  0.002544
322400000  0.002173
322800000  0.002509
323200000  0.002466
323600000  0.002559
324000000  0.002252
324400000  0.002405
324800000  0.002329
325200000  0.002379
325600000  0.002344
326000000  0.002558
326400000  0.002216
326800000  0.002533
327200000  0.002381
327600000  0.002307
328000000  0.002408
328400000  0.002388
328800000  0.002315
329200000  0.002388
329600000  0.002506
330000000  0.002196
330400000  0.002288
330800000  0.002377
331200000  0.002489
331600000  0.002447
332000000  0.002324
332400000  0.002341
332800000  0.002375
333200000  0.0023
333600000  0.002546
334000000  0.002488
334400000  0.002445
334800000  0.002153
335200000  0.002578
335600000  0.002457
336000000  0.002262
336400000  0.00235
336800000  0.002583
337200000  0.0024
337600000  0.002483
338000000  0.002329
338400000  0.002555
338800000  0.002438
339200000  0.002451
339600000  0.002378
340000000  0.002094
340400000  0.002361
340800000  0.002531
341200000  0.00236
341600000  0.002365
342000000  0.002257
342400000  0.002668
342800000  0.002572
343200000  0.002277
343600000  0.002602
344000000  0.002817
344400000  0.002393
344800000  0.002398
345200000  0.002609
345600000  0.002176
346000000  0.002605
346400000  0.002399
346800000  0.002375
347200000  0.002271
347600000  0.00261
348000000  0.002279
348400000  0.002393
348800000  0.00248
349200000  0.002333
349600000  0.002446
350000000  0.002557
350400000  0.002204
350800000  0.00261
351200000  0.002404
351600000  0.002503
352000000  0.002243
352400000  0.002597
352800000  0.002258
353200000  0.002405
353600000  0.002402
354000000  0.002251
354400000  0.00254
354800000  0.002448
355200000  0.00259
355600000  0.00212
356000000  0.002546
356400000  0.002268
356800000  0.002598
357200000  0.002389
357600000  0.002539
358000000  0.002284
358400000  0.002014
358800000  0.002311
359200000  0.002445
359600000  0.002322
360000000  0.002374
360400000  0.002416
360800000  0.002354
361200000  0.002189
361600000  0.002318
362000000  0.002489
362400000  0.002342
362800000  0.002521
363200000  0.002443
363600000  0.002562
364000000  0.002237
364400000  0.002617
364800000  0.002373
365200000  0.002382
365600000  0.002474
366000000  0.002351
366400000  0.002493
366800000  0.002789
367200000  0.002203
367600000  0.002571
368000000  0.002523
368400000  0.002573
368800000  0.002422
369200000  0.002665
369600000  0.002345
370000000  0.002487
370400000  0.002366
370800000  0.002653
371200000  0.002223
371600000  0.002665
372000000  0.002187
372400000  0.002281
372800000  0.002509
373200000  0.002421
373600000  0.002504
374000000  0.002182
374400000  0.002468
374800000  0.002393
375200000  0.002374
375600000  0.002325
376000000  0.002595
376400000  0.002477
376800000  0.002281
377200000  0.00242
377600000  0.002303
378000000  0.00207
378400000  0.002677
378800000  0.002403
379200000  0.002363
379600000  0.002348
380000000  0.002375
380400000  0.002351
380800000  0.002464
381200000  0.002397
381600000  0.002471
382000000  0.002497
382400000  0.002398
382800000  0.002614
383200000  0.002408
383600000  0.002532
384000000  0.002218
384400000  0.002355
384800000  0.002386
385200000  0.002491
385600000  0.002489
386000000  0.002551
386400000  0.002214
386800000  0.002538
387200000  0.002391
387600000  0.002538
388000000  0.002421
388400000  0.002493
388800000  0.002385
389200000  0.002535
389600000  0.002456
390000000  0.002429
390400000  0.00236
390800000  0.002642
391200000  0.00235
391600000  0.002626
392000000  0.002299
392400000  0.002635
392800000  0.002364
393200000  0.002404
393600000  0.002615
394000000  0.002379
394400000  0.002535
394800000  0.00227
395200000  0.002502
395600000  0.002427
396000000  0.002253
396400000  0.002441
396800000  0.002313
397200000  0.002409
397600000  0.032619
398000000  0.00413
398400000  0.002759
398800000  0.002402
399200000  0.002594
399600000  0.002361
