#N   Time(milli)
0  0.000433
400000  0.002603
800000  0.002602
1200000  0.002538
1600000  0.00241
2000000  0.00257
2400000  0.002511
2800000  0.002455
3200000  0.002473
3600000  0.002579
4000000  0.002493
4400000  0.002568
4800000  0.002484
5200000  0.00263
5600000  0.002732
6000000  0.002668
6400000  0.002613
6800000  0.002621
7200000  0.002669
7600000  0.002583
8000000  0.002638
8400000  0.002569
8800000  0.00285
9200000  0.002949
9600000  0.002713
10000000  0.002675
10400000  0.002649
10800000  0.002832
11200000  0.002614
11600000  0.002704
12000000  0.002653
12400000  0.002647
12800000  0.002915
13200000  0.002685
13600000  0.002737
14000000  0.002627
14400000  0.002668
14800000  0.003059
15200000  0.002852
15600000  0.002714
16000000  0.002744
16400000  0.002708
16800000  0.002811
17200000  0.002676
17600000  0.002738
18000000  0.002752
18400000  0.0027
18800000  0.00292
19200000  0.00265
19600000  0.002703
20000000  0.002661
20400000  0.002676
20800000  0.003053
21200000  0.002701
21600000  0.002774
22000000  0.002789
22400000  0.002658
22800000  0.002707
23200000  0.00278
23600000  0.002766
24000000  0.00288
24400000  0.002907
24800000  0.002847
25200000  0.002823
25600000  0.002823
26000000  0.00275
26400000  0.002763
26800000  0.002777
27200000  0.002726
27600000  0.002766
28000000  0.002748
28400000  0.002753
28800000  0.002714
29200000  0.002701
29600000  0.002761
30000000  0.002867
30400000  0.002747
30800000  0.00276
31200000  0.003001
31600000  0.002748
32000000  0.002792
32400000  0.002784
32800000  0.00274
33200000  0.002783
33600000  0.002856
34000000  0.002787
34400000  0.002802
34800000  0.002733
35200000  0.002786
35600000  0.002883
36000000  0.002812
36400000  0.002778
36800000  0.002729
37200000  0.002846
37600000  0.002806
38000000  0.002833
38400000  0.00309
38800000  0.002845
39200000  0.003
39600000  0.002876
40000000  0.002815
40400000  0.002836
40800000  0.002795
41200000  0.002823
41600000  0.002784
42000000  0.002766
42400000  0.002806
42800000  0.002816
43200000  0.002807
43600000  0.002884
44000000  0.002867
44400000  0.002817
44800000  0.00279
45200000  0.002822
45600000  0.002937
46000000  0.002812
46400000  0.003053
46800000  0.002771
47200000  0.002815
47600000  0.002788
48000000  0.002904
48400000  0.002987
48800000  0.002866
49200000  0.002865
49600000  0.002792
50000000  0.002841
50400000  0.002863
50800000  0.002862
51200000  0.002816
51600000  0.002835
52000000  0.002852
52400000  0.002906
52800000  0.002845
53200000  0.002789
53600000  0.002881
54000000  0.002814
54400000  0.002979
54800000  0.002857
55200000  0.002856
55600000  0.002846
56000000  0.002836
56400000  0.002867
56800000  0.002969
57200000  0.002829
57600000  0.002881
58000000  0.00284
58400000  0.002861
58800000  0.002836
59200000  0.002857
59600000  0.002793
60000000  0.002887
60400000  0.002912
60800000  0.002823
61200000  0.002919
61600000  0.002853
62000000  0.002971
62400000  0.002892
62800000  0.002936
63200000  0.014879
63600000  0.004979
64000000  0.003975
64400000  0.005225
64800000  0.002894
65200000  0.002885
65600000  0.002877
66000000  0.002882
66400000  0.00292
66800000  0.002879
67200000  0.002896
67600000  0.0029
68000000  0.002892
68400000  0.002866
68800000  0.00289
69200000  0.002881
69600000  0.002863
70000000  0.002871
70400000  0.00288
70800000  0.00285
71200000  0.002848
71600000  0.002897
72000000  0.003056
72400000  0.00284
72800000  0.00297
73200000  0.002874
73600000  0.002913
74000000  0.002898
74400000  0.002885
74800000  0.002906
75200000  0.0029
75600000  0.002871
76000000  0.002884
76400000  0.002922
76800000  0.002878
77200000  0.002858
77600000  0.002878
78000000  0.00293
78400000  0.002967
78800000  0.002882
79200000  0.002902
79600000  0.00289
80000000  0.002939
80400000  0.002904
80800000  0.002893
81200000  0.002908
81600000  0.002909
82000000  0.002959
82400000  0.002876
82800000  0.002891
83200000  0.002912
83600000  0.002866
84000000  0.002882
84400000  0.002982
84800000  0.002889
85200000  0.002876
85600000  0.002888
86000000  0.002903
86400000  0.002881
86800000  0.002855
87200000  0.002956
87600000  0.00305
88000000  0.002898
88400000  0.003106
88800000  0.002939
89200000  0.002927
89600000  0.002981
90000000  0.002882
90400000  0.002903
90800000  0.002896
91200000  0.002989
91600000  0.00296
92000000  0.002887
92400000  0.002892
92800000  0.002892
93200000  0.003035
93600000  0.002888
94000000  0.002879
94400000  0.002953
94800000  0.002955
95200000  0.002937
95600000  0.002923
96000000  0.00288
96400000  0.002943
96800000  0.002958
97200000  0.002951
97600000  0.002945
98000000  0.002867
98400000  0.002895
98800000  0.002882
99200000  0.002996
99600000  0.002889
100000000  0.002928
100400000  0.002982
100800000  0.002879
101200000  0.003008
101600000  0.002943
102000000  0.002962
102400000  0.003058
102800000  0.003058
103200000  0.003019
103600000  0.002969
104000000  0.002942
104400000  0.002956
104800000  0.002933
105200000  0.002966
105600000  0.002975
106000000  0.002968
106400000  0.002992
106800000  0.002934
107200000  0.003001
107600000  0.002969
108000000  0.002984
108400000  0.002917
108800000  0.002991
109200000  0.002988
109600000  0.003138
110000000  0.002911
110400000  0.003007
110800000  0.003007
111200000  0.002956
111600000  0.002936
112000000  0.003014
112400000  0.002979
112800000  0.00299
113200000  0.002942
113600000  0.002949
114000000  0.002942
114400000  0.00294
114800000  0.002964
115200000  0.002998
115600000  0.002998
116000000  0.002946
116400000  0.002935
116800000  0.003012
117200000  0.002892
117600000  0.002936
118000000  0.003007
118400000  0.002985
118800000  0.00292
119200000  0.002913
119600000  0.002978
120000000  0.002981
120400000  0.002937
120800000  0.002976
121200000  0.002931
121600000  0.002939
122000000  0.002954
122400000  0.003002
122800000  0.002951
123200000  0.002939
123600000  0.003036
124000000  0.002952
124400000  0.002954
124800000  0.002988
125200000  0.002904
125600000  0.002967
126000000  0.002994
126400000  0.002942
126800000  0.003086
127200000  0.002955
127600000  0.002993
128000000  0.002968
128400000  0.002962
128800000  0.002993
129200000  0.002985
129600000  0.003067
130000000  0.002955
130400000  0.003001
130800000  0.003021
131200000  0.002957
131600000  0.002977
132000000  0.002923
132400000  0.00303
132800000  0.002993
133200000  0.002953
133600000  0.002969
134000000  0.002981
134400000  0.002949
134800000  0.003146
135200000  0.003013
135600000  0.003014
136000000  0.002962
136400000  0.002962
136800000  0.00296
137200000  0.002999
137600000  0.002986
138000000  0.00298
138400000  0.003007
138800000  0.002987
139200000  0.002959
139600000  0.002974
140000000  0.002972
140400000  0.002995
140800000  0.002973
141200000  0.002976
141600000  0.003028
142000000  0.002963
142400000  0.00298
142800000  0.002986
143200000  0.003034
143600000  0.003036
144000000  0.002964
144400000  0.002964
144800000  0.002968
145200000  0.002975
145600000  0.002987
146000000  0.003001
146400000  0.002994
146800000  0.003001
147200000  0.003002
147600000  0.002939
148000000  0.002923
148400000  0.002913
148800000  0.00299
149200000  0.002962
149600000  0.002978
150000000  0.016117
150400000  0.002835
150800000  0.002927
151200000  0.002821
151600000  0.002841
152000000  0.002841
152400000  0.002837
152800000  0.002799
153200000  0.002861
153600000  0.002887
154000000  0.002831
154400000  0.002816
154800000  0.002825
155200000  0.002857
155600000  0.002862
156000000  0.002855
156400000  0.002887
156800000  0.00282
157200000  0.002832
157600000  0.002838
158000000  0.002898
158400000  0.00286
158800000  0.002867
159200000  0.002873
159600000  0.00289
160000000  0.002889
160400000  0.002815
160800000  0.002855
161200000  0.002814
161600000  0.002864
162000000  0.002842
162400000  0.002935
162800000  0.00284
163200000  0.00284
163600000  0.00293
164000000  0.002922
164400000  0.002898
164800000  0.00289
165200000  0.002973
165600000  0.003005
166000000  0.002936
166400000  0.002988
166800000  0.00289
167200000  0.002963
167600000  0.00293
168000000  0.002928
168400000  0.002928
168800000  0.002934
169200000  0.002915
169600000  0.002864
170000000  0.002894
170400000  0.00288
170800000  0.0029
171200000  0.002885
171600000  0.002917
172000000  0.002891
172400000  0.002882
172800000  0.00287
173200000  0.002871
173600000  0.00286
174000000  0.002855
174400000  0.002888
174800000  0.002869
175200000  0.002906
175600000  0.002836
176000000  0.00288
176400000  0.002922
176800000  0.002912
177200000  0.002911
177600000  0.002907
178000000  0.002927
178400000  0.002906
178800000  0.002891
179200000  0.002914
179600000  0.002938
180000000  0.002895
180400000  0.002877
180800000  0.002905
181200000  0.002867
181600000  0.002897
182000000  0.002973
182400000  0.002878
182800000  0.002905
183200000  0.002912
183600000  0.002923
184000000  0.002911
184400000  0.002866
184800000  0.002881
185200000  0.002926
185600000  0.002915
186000000  0.002908
186400000  0.002865
186800000  0.002843
187200000  0.002919
187600000  0.002928
188000000  0.003069
188400000  0.00295
188800000  0.002864
189200000  0.002904
189600000  0.002936
190000000  0.002901
190400000  0.002923
190800000  0.002942
191200000  0.002893
191600000  0.002907
192000000  0.002865
192400000  0.002916
192800000  0.00295
193200000  0.00285
193600000  0.002839
194000000  0.002877
194400000  0.002898
194800000  0.002868
195200000  0.002888
195600000  0.0029
196000000  0.00289
196400000  0.002908
196800000  0.00297
197200000  0.002906
197600000  0.002861
198000000  0.002912
198400000  0.002991
198800000  0.006556
199200000  0.006308
199600000  0.003149
200000000  0.003818
200400000  0.002921
200800000  0.002908
201200000  0.002855
201600000  0.002925
202000000  0.00292
202400000  0.002937
202800000  0.002884
203200000  0.002884
203600000  0.00287
204000000  0.002898
204400000  0.002928
204800000  0.003024
205200000  0.002892
205600000  0.002917
206000000  0.002919
206400000  0.002928
206800000  0.002896
207200000  0.002979
207600000  0.002912
208000000  0.0029
208400000  0.002945
208800000  0.002969
209200000  0.002883
209600000  0.002926
210000000  0.002916
210400000  0.002906
210800000  0.002913
211200000  0.00291
211600000  0.002856
212000000  0.002958
212400000  0.00291
212800000  0.002929
213200000  0.002906
213600000  0.002883
214000000  0.002898
214400000  0.002904
214800000  0.002903
215200000  0.002886
215600000  0.002923
216000000  0.002891
216400000  0.002943
216800000  0.002876
217200000  0.002901
217600000  0.002891
218000000  0.002911
218400000  0.002926
218800000  0.002897
219200000  0.002896
219600000  0.002926
220000000  0.002893
220400000  0.002899
220800000  0.002925
221200000  0.00291
221600000  0.002879
222000000  0.002928
222400000  0.002879
222800000  0.002907
223200000  0.00289
223600000  0.002879
224000000  0.00288
224400000  0.002944
224800000  0.002937
225200000  0.002919
225600000  0.002901
226000000  0.002915
226400000  0.002961
226800000  0.002936
227200000  0.002937
227600000  0.002935
228000000  0.002922
228400000  0.002887
228800000  0.002883
229200000  0.003003
229600000  0.002956
230000000  0.00299
230400000  0.002946
230800000  0.002919
231200000  0.002936
231600000  0.002971
232000000  0.002879
232400000  0.002965
232800000  0.002929
233200000  0.002867
233600000  0.0029
234000000  0.002889
234400000  0.002904
234800000  0.002955
235200000  0.002952
235600000  0.002988
236000000  0.002912
236400000  0.002907
236800000  0.002922
237200000  0.002871
237600000  0.002912
238000000  0.002884
238400000  0.00292
238800000  0.002932
239200000  0.002895
239600000  0.00291
240000000  0.002924
240400000  0.002897
240800000  0.002944
241200000  0.002909
241600000  0.002926
242000000  0.002935
242400000  0.002865
242800000  0.002909
243200000  0.002944
243600000  0.002892
244000000  0.002979
244400000  0.002917
244800000  0.002885
245200000  0.002904
245600000  0.002942
246000000  0.00294
246400000  0.002956
246800000  0.002889
247200000  0.00287
247600000  0.002912
248000000  0.002875
248400000  0.002895
248800000  0.002976
249200000  0.002909
249600000  0.00289
250000000  0.002946
250400000  0.002855
250800000  0.002912
251200000  0.002897
251600000  0.002894
252000000  0.002879
252400000  0.00296
252800000  0.002957
253200000  0.002973
253600000  0.0029
254000000  0.00297
254400000  0.002892
254800000  0.0029
255200000  0.002914
255600000  0.002898
256000000  0.002958
256400000  0.002963
256800000  0.002941
257200000  0.00293
257600000  0.002887
258000000  0.003023
258400000  0.002908
258800000  0.002996
259200000  0.002866
259600000  0.002932
260000000  0.002956
260400000  0.002932
260800000  0.002896
261200000  0.002919
261600000  0.002883
262000000  0.002918
262400000  0.002963
262800000  0.00291
263200000  0.002932
263600000  0.002895
264000000  0.002989
264400000  0.002971
264800000  0.002898
265200000  0.002933
265600000  0.002904
266000000  0.002982
266400000  0.002955
266800000  0.002989
267200000  0.003014
267600000  0.003044
268000000  0.003047
268400000  0.003024
268800000  0.00298
269200000  0.00301
269600000  0.002926
270000000  0.002926
270400000  0.002979
270800000  0.002936
271200000  0.002981
271600000  0.002942
272000000  0.002991
272400000  0.002941
272800000  0.002924
273200000  0.002913
273600000  0.002979
274000000  0.002966
274400000  0.002993
274800000  0.003041
275200000  0.002938
275600000  0.002963
276000000  0.002897
276400000  0.003013
276800000  0.002984
277200000  0.002936
277600000  0.002951
278000000  0.002939
278400000  0.003151
278800000  0.002934
279200000  0.003104
279600000  0.002973
280000000  0.002982
280400000  0.002937
280800000  0.002961
281200000  0.002997
281600000  0.00297
282000000  0.002963
282400000  0.002995
282800000  0.003006
283200000  0.002923
283600000  0.003025
284000000  0.002971
284400000  0.002979
284800000  0.002953
285200000  0.00298
285600000  0.002918
286000000  0.002964
286400000  0.002947
286800000  0.002962
287200000  0.002941
287600000  0.002968
288000000  0.003005
288400000  0.002948
288800000  0.002973
289200000  0.003034
289600000  0.003017
290000000  0.00299
290400000  0.003008
290800000  0.002928
291200000  0.002945
291600000  0.002948
292000000  0.002969
292400000  0.002986
292800000  0.002931
293200000  0.002969
293600000  0.002969
294000000  0.002996
294400000  0.00306
294800000  0.002995
295200000  0.002911
295600000  0.00297
296000000  0.003009
296400000  0.002942
296800000  0.003002
297200000  0.002948
297600000  0.002932
298000000  0.002953
298400000  0.002997
298800000  0.002963
299200000  0.002919
299600000  0.002944
300000000  0.002926
300400000  0.002953
300800000  0.002971
301200000  0.002962
301600000  0.002924
302000000  0.002989
302400000  0.002912
302800000  0.002993
303200000  0.00297
303600000  0.002971
304000000  0.002992
304400000  0.002934
304800000  0.002953
305200000  0.003008
305600000  0.002942
306000000  0.002974
306400000  0.002953
306800000  0.002955
307200000  0.00293
307600000  0.002993
308000000  0.002914
308400000  0.002974
308800000  0.003257
309200000  0.002983
309600000  0.003096
310000000  0.002925
310400000  0.002949
310800000  0.002924
311200000  0.002977
311600000  0.00293
312000000  0.002956
312400000  0.002948
312800000  0.00297
313200000  0.002984
313600000  0.002944
314000000  0.002968
314400000  0.003011
314800000  0.002926
315200000  0.00295
315600000  0.002927
316000000  0.002942
316400000  0.002973
316800000  0.002955
317200000  0.003047
317600000  0.002971
318000000  0.002954
318400000  0.002963
318800000  0.002988
319200000  0.003011
319600000  0.002948
320000000  0.002962
320400000  0.002914
320800000  0.00298
321200000  0.002975
321600000  0.002963
322000000  0.002961
322400000  0.002958
322800000  0.002901
323200000  0.003088
323600000  0.002936
324000000  0.002942
324400000  0.002952
324800000  0.002974
325200000  0.002992
325600000  0.00294
326000000  0.003011
326400000  0.003014
326800000  0.002983
327200000  0.002989
327600000  0.002978
328000000  0.002987
328400000  0.002942
328800000  0.002949
329200000  0.002981
329600000  0.002974
330000000  0.00293
330400000  0.002934
330800000  0.00298
331200000  0.002994
331600000  0.002983
332000000  0.002945
332400000  0.003009
332800000  0.002993
333200000  0.00301
333600000  0.002928
334000000  0.00318
334400000  0.00299
334800000  0.002941
335200000  0.00302
335600000  0.002943
336000000  0.004824
336400000  0.003737
336800000  0.005486
337200000  0.005507
337600000  0.003115
338000000  0.004005
338400000  0.002966
338800000  0.002982
339200000  0.002982
339600000  0.002968
340000000  0.002959
340400000  0.002952
340800000  0.003045
341200000  0.002937
341600000  0.002992
342000000  0.002898
342400000  0.002983
342800000  0.002967
343200000  0.002965
343600000  0.003003
344000000  0.002957
344400000  0.002981
344800000  0.003057
345200000  0.003065
345600000  0.002975
346000000  0.002984
346400000  0.003036
346800000  0.003143
347200000  0.002951
347600000  0.003
348000000  0.002949
348400000  0.002966
348800000  0.003017
349200000  0.002995
349600000  0.002966
350000000  0.003002
350400000  0.003005
350800000  0.002956
351200000  0.002997
351600000  0.003056
352000000  0.002969
352400000  0.002906
352800000  0.003005
353200000  0.003012
353600000  0.00297
354000000  0.002947
354400000  0.003013
354800000  0.002978
355200000  0.002991
355600000  0.002983
356000000  0.00299
356400000  0.00295
356800000  0.002926
357200000  0.002999
357600000  0.002974
358000000  0.003003
358400000  0.002959
358800000  0.002997
359200000  0.003003
359600000  0.003031
360000000  0.003014
360400000  0.003043
360800000  0.003018
361200000  0.002943
361600000  0.003083
362000000  0.002977
362400000  0.002981
362800000  0.00295
363200000  0.00301
363600000  0.002965
364000000  0.003177
364400000  0.002987
364800000  0.002973
365200000  0.003037
365600000  0.002949
366000000  0.002979
366400000  0.00299
366800000  0.002974
367200000  0.002956
367600000  0.002968
368000000  0.002993
368400000  0.003023
368800000  0.002954
369200000  0.003034
369600000  0.002961
370000000  0.002965
370400000  0.003052
370800000  0.002994
371200000  0.003019
371600000  0.002988
372000000  0.003018
372400000  0.002999
372800000  0.002995
373200000  0.002933
373600000  0.003023
374000000  0.002974
374400000  0.002994
374800000  0.00299
375200000  0.002936
375600000  0.002981
376000000  0.002972
376400000  0.002953
376800000  0.003023
377200000  0.003014
377600000  0.002951
378000000  0.003004
378400000  0.002975
378800000  0.003027
379200000  0.002961
379600000  0.003019
380000000  0.003017
380400000  0.003023
380800000  0.00298
381200000  0.002953
381600000  0.002966
382000000  0.003101
382400000  0.002947
382800000  0.003017
383200000  0.002932
383600000  0.002977
384000000  0.003027
384400000  0.002951
384800000  0.002986
385200000  0.002971
385600000  0.002984
386000000  0.003
386400000  0.0029
386800000  0.00298
387200000  0.00298
387600000  0.002935
388000000  0.002997
388400000  0.00298
388800000  0.002971
389200000  0.002963
389600000  0.002976
390000000  0.003003
390400000  0.002966
390800000  0.002961
391200000  0.002931
391600000  0.003007
392000000  0.002923
392400000  0.00303
392800000  0.002968
393200000  0.00303
393600000  0.002973
394000000  0.003076
394400000  0.003008
394800000  0.003129
395200000  0.015904
395600000  0.002837
396000000  0.002881
396400000  0.002901
396800000  0.002849
397200000  0.002853
397600000  0.002878
398000000  0.002832
398400000  0.002922
398800000  0.002838
399200000  0.002837
399600000  0.002865
