#N   Time(milli)
0  0.003573
400000  0.030844
800000  0.045376
1200000  0.05682
1600000  0.061193
2000000  0.073238
2400000  0.080818
2800000  0.088911
3200000  0.092697
3600000  0.102607
4000000  0.109977
4400000  0.132499
4800000  0.111156
5200000  0.121728
5600000  0.13956
6000000  0.131855
6400000  0.135505
6800000  0.139263
7200000  0.177264
7600000  0.147058
8000000  0.14746
8400000  0.153519
8800000  0.15772
9200000  0.161317
9600000  0.161858
10000000  0.167205
10400000  0.16852
10800000  0.184112
11200000  0.192769
11600000  0.18025
12000000  0.215216
12400000  0.184658
12800000  0.187469
13200000  0.190576
13600000  0.194848
14000000  0.195864
14400000  0.1966
14800000  0.200915
15200000  0.237717
15600000  0.204621
16000000  0.207408
16400000  0.209413
16800000  0.211976
17200000  0.217476
17600000  0.219368
18000000  0.221739
18400000  0.257035
18800000  0.230676
19200000  0.22704
19600000  0.230256
20000000  0.232907
20400000  0.235858
20800000  0.237232
21200000  0.276824
21600000  0.257729
22000000  0.251505
22400000  0.254849
22800000  0.258799
23200000  0.256621
23600000  0.292831
24000000  0.260879
24400000  0.283093
24800000  0.297162
25200000  0.311497
25600000  0.278182
26000000  0.310569
26400000  0.278303
26800000  0.279298
27200000  0.293496
27600000  0.278961
28000000  0.281595
28400000  0.318098
28800000  0.28552
29200000  0.288384
29600000  0.289371
30000000  0.308076
30400000  0.357358
30800000  0.300659
31200000  0.316416
31600000  0.302159
32000000  0.305046
32400000  0.305483
32800000  0.337862
33200000  0.309812
33600000  0.313393
34000000  0.347852
34400000  0.315395
34800000  0.347025
35200000  0.331951
35600000  0.37339
36000000  0.360398
36400000  0.369069
36800000  0.340637
37200000  0.348763
37600000  0.354629
38000000  0.352924
38400000  0.387775
38800000  0.350001
39200000  0.347264
39600000  0.352028
40000000  0.34819
40400000  0.382387
40800000  0.350813
41200000  0.357571
41600000  0.372304
42000000  0.397073
42400000  0.362628
42800000  0.363421
43200000  0.365563
43600000  0.368515
44000000  0.411208
44400000  0.37246
44800000  0.370179
45200000  0.373445
45600000  0.416734
46000000  0.373988
46400000  0.382392
46800000  0.373022
47200000  0.405995
47600000  0.372623
48000000  0.374305
48400000  0.380909
48800000  0.375358
49200000  0.411291
49600000  0.381666
50000000  0.395823
50400000  0.387198
50800000  0.411891
51200000  0.392615
51600000  0.396752
52000000  0.429883
52400000  0.398203
52800000  0.395137
53200000  0.39818
53600000  0.4015
54000000  0.435472
54400000  0.403337
54800000  0.427623
55200000  0.424772
55600000  0.462295
56000000  0.44916
56400000  0.434327
56800000  0.436452
57200000  0.472544
57600000  0.442323
58000000  0.446638
58400000  0.488853
58800000  0.452323
59200000  0.468908
59600000  0.455284
60000000  0.485872
60400000  0.45199
60800000  0.45041
61200000  0.482086
61600000  0.446999
62000000  0.439608
62400000  0.446341
62800000  0.480621
63200000  0.447181
63600000  0.440179
64000000  0.441479
64400000  0.489319
64800000  0.450453
65200000  0.442461
65600000  0.471561
66000000  0.447449
66400000  0.471876
66800000  0.492637
67200000  0.459639
67600000  0.457883
68000000  0.458563
68400000  0.497339
68800000  0.465847
69200000  0.465869
69600000  0.469479
70000000  0.507913
70400000  0.472686
70800000  0.472904
71200000  0.513605
71600000  0.482455
72000000  0.488772
72400000  0.4852
72800000  0.526335
73200000  0.498151
73600000  0.503004
74000000  0.545926
74400000  0.511104
74800000  0.517708
75200000  0.553308
75600000  0.524326
76000000  0.549553
76400000  0.565058
76800000  0.537565
77200000  0.534737
77600000  0.573056
78000000  0.54461
78400000  0.524057
78800000  0.582515
79200000  0.536593
79600000  0.571277
80000000  0.538478
80400000  0.535244
80800000  0.535727
81200000  0.570857
81600000  0.538108
82000000  0.539511
82400000  0.575815
82800000  0.531433
83200000  0.539451
83600000  0.573282
84000000  0.539925
84400000  0.54332
84800000  0.589421
85200000  0.547307
85600000  0.544606
86000000  0.574303
86400000  0.544281
86800000  0.545769
87200000  0.579983
87600000  0.551785
88000000  0.546476
88400000  0.586625
88800000  0.554494
89200000  0.55325
89600000  0.588508
90000000  0.555619
90400000  0.566862
90800000  0.584169
91200000  0.56309
91600000  0.600403
92000000  0.566691
92400000  0.574663
92800000  0.570501
93200000  0.615178
93600000  0.572656
94000000  0.613434
94400000  0.578473
94800000  0.578901
95200000  0.61122
95600000  0.582697
96000000  0.586653
96400000  0.621528
96800000  0.591699
97200000  0.587432
97600000  0.622964
98000000  0.593724
98400000  0.592759
98800000  0.624435
99200000  0.59156
99600000  0.628959
100000000  0.595801
100400000  0.599082
100800000  0.636158
101200000  0.604979
101600000  0.60156
102000000  0.627167
102400000  0.635642
102800000  0.663335
103200000  0.633429
103600000  0.640839
104000000  0.678361
104400000  0.648415
104800000  0.688568
105200000  0.657561
105600000  0.649204
106000000  0.682809
106400000  0.643919
106800000  0.675848
107200000  0.640365
107600000  0.641063
108000000  0.67029
108400000  0.642369
108800000  0.670563
109200000  0.641314
109600000  0.638916
110000000  0.675772
110400000  0.640713
110800000  0.644285
111200000  0.6786
111600000  0.644012
112000000  0.669157
112400000  0.652137
112800000  0.683781
113200000  0.651857
113600000  0.651135
114000000  0.685977
114400000  0.654253
114800000  0.688347
115200000  0.655069
115600000  0.667118
116000000  0.69226
116400000  0.667944
116800000  0.694898
117200000  0.665287
117600000  0.665604
118000000  0.707809
118400000  0.671791
118800000  0.709317
119200000  0.679542
119600000  0.679973
120000000  0.709891
120400000  0.683318
120800000  0.710138
121200000  0.674441
121600000  0.695465
122000000  0.676344
122400000  0.71001
122800000  0.677096
123200000  0.681531
123600000  0.711996
124000000  0.680667
124400000  0.683383
124800000  0.71907
125200000  0.685518
125600000  0.718444
126000000  0.685584
126400000  0.724416
126800000  0.693536
127200000  0.698172
127600000  0.728996
128000000  0.690976
128400000  0.727975
128800000  0.6937
129200000  0.728798
129600000  0.701581
130000000  0.69351
130400000  0.733181
130800000  0.699029
131200000  0.717629
131600000  0.70263
132000000  0.731927
132400000  0.701571
132800000  0.70463
133200000  0.738392
133600000  0.709902
134000000  0.750608
134400000  0.717503
134800000  0.754551
135200000  0.721724
135600000  0.754752
136000000  0.724821
136400000  0.719626
136800000  0.754889
137200000  0.717579
137600000  0.757214
138000000  0.719167
138400000  0.763664
138800000  0.723994
139200000  0.718364
139600000  0.754312
140000000  0.721116
140400000  0.763482
140800000  0.753912
141200000  0.726452
141600000  0.724303
142000000  0.758453
142400000  0.728059
142800000  0.759642
143200000  0.730807
143600000  0.731323
144000000  0.772668
144400000  0.739297
144800000  0.769815
145200000  0.735069
145600000  0.770288
146000000  0.731199
146400000  0.766617
146800000  0.734919
147200000  0.74273
147600000  0.76943
148000000  0.739022
148400000  0.773018
148800000  0.744879
149200000  0.763265
149600000  0.77294
150000000  0.739928
150400000  0.742541
150800000  0.788509
151200000  0.746286
151600000  0.775652
152000000  0.74636
152400000  0.745285
152800000  0.779077
153200000  0.748142
153600000  0.783084
154000000  0.751554
154400000  0.787563
154800000  0.754279
155200000  0.80173
155600000  0.758739
156000000  0.789242
156400000  0.75451
156800000  0.797532
157200000  0.77846
157600000  0.760378
158000000  0.786555
158400000  0.797323
158800000  0.766945
159200000  0.77075
159600000  0.8055
160000000  0.768433
160400000  0.805276
160800000  0.771963
161200000  0.809961
161600000  0.775386
162000000  0.808625
162400000  0.783779
162800000  0.814323
163200000  0.783726
163600000  0.819447
164000000  0.77922
164400000  0.815191
164800000  0.780803
165200000  0.820544
165600000  0.783871
166000000  0.788583
166400000  0.810507
166800000  0.822987
167200000  0.794534
167600000  0.792505
168000000  0.828396
168400000  0.800919
168800000  0.83042
169200000  0.799297
169600000  0.829867
170000000  0.799866
170400000  0.836268
170800000  0.800647
171200000  0.848648
171600000  0.813564
172000000  0.861448
172400000  0.811393
172800000  0.848243
173200000  0.816709
173600000  0.84885
174000000  0.817906
174400000  0.836863
174800000  0.850938
175200000  0.823886
175600000  0.819164
176000000  0.855737
176400000  0.82386
176800000  0.86221
177200000  0.822691
177600000  0.860678
178000000  0.825998
178400000  0.860001
178800000  0.829989
179200000  0.861634
179600000  0.826067
180000000  0.864842
180400000  0.863071
180800000  0.830378
181200000  0.865563
181600000  0.83047
182000000  0.857572
182400000  0.837895
182800000  0.867684
183200000  0.836676
183600000  0.867248
184000000  0.834646
184400000  0.872751
184800000  0.837009
185200000  0.873566
185600000  0.832996
186000000  0.868796
186400000  0.847074
186800000  0.873865
187200000  0.838158
187600000  0.874859
188000000  0.842512
188400000  0.873535
188800000  0.845726
189200000  0.879063
189600000  0.843549
190000000  0.870645
190400000  0.872559
190800000  0.849577
191200000  0.856151
191600000  0.886306
192000000  0.884773
192400000  0.843316
192800000  0.880069
193200000  0.84612
193600000  0.882021
194000000  0.844282
194400000  0.884405
194800000  0.846533
195200000  0.88459
195600000  0.851819
196000000  0.8888
196400000  0.853822
196800000  0.891054
197200000  0.866298
197600000  0.883893
198000000  0.892714
198400000  0.858818
198800000  0.853665
199200000  0.890314
199600000  0.855033
200000000  0.893188
200400000  0.894161
200800000  0.864201
201200000  0.900504
201600000  0.862465
202000000  0.903141
202400000  0.867356
202800000  0.927961
203200000  0.875125
203600000  0.912906
204000000  0.884952
204400000  0.924074
204800000  0.891477
205200000  0.921366
205600000  0.930064
206000000  0.900607
206400000  0.928715
206800000  0.891351
207200000  0.922306
207600000  0.892545
208000000  0.924049
208400000  0.884491
208800000  0.925363
209200000  0.882585
209600000  0.91635
210000000  0.920306
210400000  0.886625
210800000  0.917824
211200000  0.884413
211600000  0.920898
212000000  0.885331
212400000  0.909631
212800000  0.924546
213200000  0.893955
213600000  0.891873
214000000  0.928049
214400000  0.934608
214800000  0.899234
215200000  0.932488
215600000  0.893799
216000000  0.942288
216400000  0.897066
216800000  0.935518
217200000  0.899489
217600000  0.935073
218000000  0.933856
218400000  0.906015
218800000  0.934541
219200000  0.909523
219600000  0.935904
220000000  0.952357
220400000  0.930022
220800000  0.958707
221200000  0.924947
221600000  0.960271
222000000  0.933934
222400000  0.95852
222800000  0.92766
223200000  0.958172
223600000  0.929872
224000000  0.960344
224400000  0.969965
224800000  0.929631
225200000  0.962378
225600000  0.93458
226000000  0.972525
226400000  0.945643
226800000  0.962834
227200000  0.977408
227600000  0.945052
228000000  0.981895
228400000  0.951886
228800000  0.987384
229200000  0.993142
229600000  0.961029
230000000  1.00021
230400000  0.961001
230800000  0.993521
231200000  0.9983
231600000  0.968728
232000000  1.01161
232400000  0.969861
232800000  1.01399
233200000  0.980863
233600000  1.0112
234000000  0.996509
234400000  0.99032
234800000  1.02508
235200000  1.03087
235600000  0.998037
236000000  1.03439
236400000  1.00109
236800000  1.04178
237200000  1.02808
237600000  0.992741
238000000  1.0292
238400000  0.99003
238800000  1.02412
239200000  1.02533
239600000  0.987519
240000000  1.01188
240400000  1.02137
240800000  0.988224
241200000  1.02812
241600000  0.968549
242000000  1.0192
242400000  1.01799
242800000  0.98944
243200000  1.01328
243600000  0.985176
244000000  1.02562
244400000  1.03051
244800000  0.988196
245200000  1.01608
245600000  0.984381
246000000  1.01856
246400000  1.00396
246800000  0.980304
247200000  1.01139
247600000  0.982797
248000000  1.01159
248400000  1.01253
248800000  0.974872
249200000  1.01211
249600000  0.981555
250000000  1.01432
250400000  1.02279
250800000  0.988414
251200000  1.02527
251600000  1.00344
252000000  1.04691
252400000  1.03174
252800000  0.989274
253200000  1.00336
253600000  1.01378
254000000  0.977591
254400000  1.00249
254800000  0.97309
255200000  1.00907
255600000  0.9956
256000000  1.01127
256400000  1.00767
256800000  0.97451
257200000  1.01334
257600000  0.977722
258000000  1.02266
258400000  1.00967
258800000  0.984495
259200000  1.01694
259600000  0.989085
260000000  1.01409
260400000  1.02763
260800000  0.988568
261200000  1.02239
261600000  1.02705
262000000  0.993659
262400000  1.02671
262800000  0.996412
263200000  1.0289
263600000  1.03222
264000000  1.00033
264400000  1.02986
264800000  1.00301
265200000  1.04221
265600000  1.04128
266000000  1.01086
266400000  1.0331
266800000  1.05134
267200000  1.01802
267600000  1.08944
268000000  1.02324
268400000  1.0537
268800000  1.05964
269200000  1.02609
269600000  1.05936
270000000  1.05192
270400000  1.01619
270800000  1.0482
271200000  1.0202
271600000  1.05119
272000000  1.05807
272400000  1.01743
272800000  1.03802
273200000  1.04729
273600000  1.00973
274000000  1.05137
274400000  1.01968
274800000  1.04653
275200000  1.04957
275600000  1.01693
276000000  1.04864
276400000  1.05184
276800000  1.02036
277200000  1.04997
277600000  1.01862
278000000  1.04931
278400000  1.04909
278800000  1.02205
279200000  1.03783
279600000  1.05112
280000000  1.01933
280400000  1.05329
280800000  1.01592
281200000  1.05996
281600000  1.05623
282000000  1.0244
282400000  1.04898
282800000  1.06184
283200000  1.02771
283600000  1.06296
284000000  1.03134
284400000  1.07267
284800000  1.07925
285200000  1.06172
285600000  1.08691
286000000  1.08979
286400000  1.05253
286800000  1.08119
287200000  1.07793
287600000  1.04332
288000000  1.07793
288400000  1.08679
288800000  1.0496
289200000  1.07956
289600000  1.0881
290000000  1.05775
290400000  1.087
290800000  1.06056
291200000  1.08506
291600000  1.07362
292000000  1.08902
292400000  1.06296
292800000  1.09246
293200000  1.07507
293600000  1.10013
294000000  1.11787
294400000  1.0835
294800000  1.12214
295200000  1.12096
295600000  1.0854
296000000  1.11564
296400000  1.12181
296800000  1.0904
297200000  1.13043
297600000  1.11708
298000000  1.14066
298400000  1.09958
298800000  1.1376
299200000  1.10841
299600000  1.14751
300000000  1.14483
300400000  1.12043
300800000  1.14054
301200000  1.153
301600000  1.15307
302000000  1.12769
302400000  1.16451
302800000  1.16635
303200000  1.13562
303600000  1.15698
304000000  1.18246
304400000  1.12496
304800000  1.15778
305200000  1.16009
305600000  1.12082
306000000  1.15581
306400000  1.14972
306800000  1.15797
307200000  1.11729
307600000  1.14701
308000000  1.15421
308400000  1.11471
308800000  1.1461
309200000  1.14128
309600000  1.16763
310000000  1.10601
310400000  1.15364
310800000  1.11808
311200000  1.14727
311600000  1.14736
312000000  1.11544
312400000  1.14726
312800000  1.13931
313200000  1.11828
313600000  1.156
314000000  1.14529
314400000  1.13911
314800000  1.1064
315200000  1.12883
315600000  1.14743
316000000  1.10685
316400000  1.14587
316800000  1.14585
317200000  1.10714
317600000  1.13912
318000000  1.14194
318400000  1.10077
318800000  1.13094
319200000  1.13221
319600000  1.11475
320000000  1.22575
320400000  1.1587
320800000  1.12359
321200000  1.13866
321600000  1.14845
322000000  1.14834
322400000  1.10629
322800000  1.13956
323200000  1.13933
323600000  1.11064
324000000  1.13599
324400000  1.13306
324800000  1.11045
325200000  1.13569
325600000  1.13346
326000000  1.10752
326400000  1.15276
326800000  1.1197
327200000  1.13286
327600000  1.12394
328000000  1.15497
328400000  1.11512
328800000  1.15321
329200000  1.14395
329600000  1.09985
330000000  1.13032
330400000  1.14782
330800000  1.10652
331200000  1.12582
331600000  1.14097
332000000  1.139
332400000  1.10475
332800000  1.1246
333200000  1.13661
333600000  1.109
334000000  1.13806
334400000  1.14591
334800000  1.11315
335200000  1.14434
335600000  1.14683
336000000  1.11852
336400000  1.15073
336800000  1.16214
337200000  1.1237
337600000  1.16725
338000000  1.17263
338400000  1.13287
338800000  1.16144
339200000  1.1578
339600000  1.17382
340000000  1.14505
340400000  1.17704
340800000  1.16904
341200000  1.13336
341600000  1.17032
342000000  1.16622
342400000  1.13341
342800000  1.15189
343200000  1.16213
343600000  1.16202
344000000  1.1256
344400000  1.15064
344800000  1.15902
345200000  1.12815
345600000  1.15573
346000000  1.16239
346400000  1.12537
346800000  1.15859
347200000  1.16626
347600000  1.15995
348000000  1.1331
348400000  1.18307
348800000  1.17347
349200000  1.1366
349600000  1.16627
350000000  1.15975
350400000  1.16652
350800000  1.13055
351200000  1.16806
351600000  1.15452
352000000  1.13921
352400000  1.17248
352800000  1.17895
353200000  1.14001
353600000  1.17901
354000000  1.18638
354400000  1.15668
354800000  1.18738
355200000  1.18294
355600000  1.15244
356000000  1.20899
356400000  1.15163
356800000  1.18997
357200000  1.15087
357600000  1.18812
358000000  1.19079
358400000  1.15656
358800000  1.19776
359200000  1.19836
359600000  1.1993
360000000  1.15578
360400000  1.19333
360800000  1.1958
361200000  1.15639
361600000  1.1813
362000000  1.20356
362400000  1.19692
362800000  1.16221
363200000  1.19704
363600000  1.20328
364000000  1.17152
364400000  1.21349
364800000  1.20998
365200000  1.21386
365600000  1.18074
366000000  1.21094
366400000  1.2108
366800000  1.20585
367200000  1.21241
367600000  1.18284
368000000  1.2159
368400000  1.1831
368800000  1.2331
369200000  1.23088
369600000  1.2282
370000000  1.1993
370400000  1.23508
370800000  1.23682
371200000  1.2354
371600000  1.2057
372000000  1.23893
372400000  1.22496
372800000  1.23715
373200000  1.20775
373600000  1.24055
374000000  1.24727
374400000  1.24325
374800000  1.20812
375200000  1.25024
375600000  1.24431
376000000  1.24329
376400000  1.20848
376800000  1.24797
377200000  1.24873
377600000  1.21669
378000000  1.27162
378400000  1.21128
378800000  1.24463
379200000  1.21564
379600000  1.24916
380000000  1.24713
380400000  1.25247
380800000  1.21842
381200000  1.24874
381600000  1.25321
382000000  1.25002
382400000  1.21544
382800000  1.24898
383200000  1.23933
383600000  1.24957
384000000  1.21677
384400000  1.25355
384800000  1.2595
385200000  1.25793
385600000  1.22633
386000000  1.26223
386400000  1.26317
386800000  1.26575
387200000  1.22922
387600000  1.26111
388000000  1.26432
388400000  1.25192
388800000  1.26164
389200000  1.23346
389600000  1.26098
390000000  1.26225
390400000  1.26039
390800000  1.24982
391200000  1.26367
391600000  1.26166
392000000  1.26696
392400000  1.2323
392800000  1.2643
393200000  1.26805
393600000  1.25945
394000000  1.26639
394400000  1.2377
394800000  1.26964
395200000  1.26592
395600000  1.2382
396000000  1.26689
396400000  1.27101
396800000  1.26514
397200000  1.23805
397600000  1.27539
398000000  1.26852
398400000  1.28018
398800000  1.22668
399200000  1.25474
399600000  1.27075
