#N   Time(milli)
0  0.000458
400000  4.85055
800000  9.71527
1200000  14.5525
1600000  19.545
2000000  24.1898
2400000  29.5865
2800000  34.3299
3200000  38.7335
3600000  43.5567
4000000  48.5091
4400000  54.0271
4800000  58.1013
5200000  63.0425
5600000  67.9152
6000000  72.8971
6400000  77.5243
6800000  83.8858
7200000  87.5212
7600000  92.2061
8000000  96.9319
8400000  101.941
8800000  106.56
9200000  112.305
9600000  116.307
10000000  121.382
10400000  127.483
10800000  134.405
11200000  136.219
11600000  140.696
12000000  145.416
12400000  150.533
12800000  156.044
13200000  161.829
13600000  165.466
14000000  169.72
14400000  175.61
14800000  179.683
15200000  185.303
15600000  191.791
16000000  194.918
16400000  198.794
16800000  204.984
17200000  208.645
17600000  218.657
18000000  218.784
18400000  224.521
18800000  234.863
19200000  239.485
19600000  241.15
20000000  243.215
20400000  247.584
20800000  254.274
21200000  258.178
21600000  262.278
22000000  267.801
22400000  275.634
22800000  280.644
23200000  281.63
23600000  286.831
24000000  292.806
24400000  296.854
24800000  301.37
25200000  308.485
25600000  310.813
26000000  315.553
26400000  323.776
26800000  335.791
27200000  333.017
27600000  338.495
28000000  340.723
28400000  345.055
28800000  352.754
29200000  354.513
29600000  359.483
30000000  365.411
30400000  368.574
30800000  373.698
31200000  379.64
31600000  384.276
32000000  391.368
32400000  395.125
32800000  398.01
33200000  405.552
33600000  407.577
34000000  413.294
34400000  417.956
34800000  422.458
35200000  433.732
35600000  432.069
36000000  440.135
36400000  442.137
36800000  450.374
37200000  452.323
37600000  459.592
38000000  463.099
38400000  467.159
38800000  474.777
39200000  476.136
39600000  485.55
40000000  485.682
40400000  495.198
40800000  495.77
41200000  505.209
41600000  506.334
42000000  511.112
42400000  515.335
42800000  524.917
43200000  525.487
43600000  533.356
44000000  536.884
44400000  542.153
44800000  549.072
45200000  549.266
45600000  557.318
46000000  558.711
46400000  567.275
46800000  569.064
47200000  574.345
47600000  582.659
48000000  583.685
48400000  591.116
48800000  593.183
49200000  601.215
49600000  605.609
50000000  609.593
50400000  618.045
50800000  617.411
51200000  627.12
51600000  632.288
52000000  631.896
52400000  641.538
52800000  645
53200000  648.003
53600000  656.554
54000000  657.017
54400000  661.062
54800000  671.536
55200000  672.972
55600000  678.927
56000000  683.348
56400000  689.321
56800000  691.954
57200000  700.923
57600000  707.015
58000000  704.537
58400000  712.397
58800000  720.24
59200000  723.484
59600000  727.178
60000000  734.88
60400000  739.206
60800000  739.514
61200000  744.957
61600000  753.255
62000000  758.457
62400000  759.093
62800000  766.213
63200000  773.836
63600000  778.88
64000000  782.278
64400000  784.022
64800000  792.321
65200000  798.563
65600000  801.722
66000000  805.266
66400000  808.24
66800000  814.714
67200000  823.686
67600000  822.124
68000000  832.344
68400000  832.757
68800000  839.703
69200000  847.336
69600000  850.705
70000000  852.238
70400000  860.429
70800000  864.493
71200000  865.783
71600000  874.414
72000000  881.317
72400000  884.209
72800000  891.501
73200000  891.106
73600000  901.065
74000000  901.845
74400000  908.299
74800000  913.348
75200000  917.648
75600000  925.761
76000000  927.942
76400000  934.661
76800000  940.364
77200000  946.019
77600000  947.516
78000000  956.236
78400000  954.004
78800000  957.936
79200000  962.971
79600000  967.835
80000000  972.37
80400000  979.251
80800000  982.572
81200000  987.067
81600000  991.793
82000000  996.699
82400000  1001.62
82800000  1007.23
83200000  1012.71
83600000  1016.7
84000000  1026.95
84400000  1030.81
84800000  1031.4
85200000  1040.11
85600000  1042.15
86000000  1055.44
86400000  1056.4
86800000  1060.98
87200000  1066.37
87600000  1073.41
88000000  1075.97
88400000  1082.93
88800000  1085
89200000  1095.1
89600000  1098.52
90000000  1101.67
90400000  1109.6
90800000  1112.31
91200000  1111.45
91600000  1119.76
92000000  1122.81
92400000  1126.48
92800000  1140.35
93200000  1142.25
93600000  1143.88
94000000  1153.08
94400000  1153.32
94800000  1161.16
95200000  1164.29
95600000  1178.09
96000000  1177.1
96400000  1180.56
96800000  1185.41
97200000  1189.97
97600000  1201.94
98000000  1200.63
98400000  1200.08
98800000  1209.25
99200000  1211.76
99600000  1223.45
100000000  1226.45
100400000  1227.09
100800000  1230.47
101200000  1237.36
101600000  1244.65
102000000  1248.08
102400000  1250.63
102800000  1262.61
103200000  1270.92
103600000  1265
104000000  1266.69
104400000  1283.04
104800000  1280.98
105200000  1286.63
105600000  1296.3
106000000  1303.32
106400000  1303.58
106800000  1302.18
107200000  1319.02
107600000  1319.34
108000000  1322.74
108400000  1331.92
108800000  1332.47
109200000  1330.76
109600000  1339.3
110000000  1344.64
110400000  1349.19
110800000  1362
111200000  1359.46
111600000  1359.4
112000000  1376.67
112400000  1377.19
112800000  1379.98
113200000  1389.02
113600000  1391.82
114000000  1401.95
114400000  1393.54
114800000  1403.05
115200000  1410.48
115600000  1410.53
116000000  1428.31
116400000  1426.13
116800000  1431.6
117200000  1429.29
117600000  1439.67
118000000  1446.78
118400000  1447.96
118800000  1459.09
119200000  1450.27
119600000  1463.32
120000000  1463.85
120400000  1478.66
120800000  1476.59
121200000  1486.45
121600000  1492.85
122000000  1497.24
122400000  1493.46
122800000  1507.71
123200000  1506.63
123600000  1517.69
124000000  1517.81
124400000  1520.58
124800000  1522.76
125200000  1533.05
125600000  1536.85
126000000  1544.34
126400000  1543.93
126800000  1557.5
127200000  1558.47
127600000  1569.39
128000000  1574.71
128400000  1568.74
128800000  1584.3
129200000  1575.04
129600000  1587.02
130000000  1589.55
130400000  1597.84
130800000  1606.21
131200000  1601.78
131600000  1609.48
132000000  1610.17
132400000  1609.85
132800000  1615.01
133200000  1618.56
133600000  1624.42
134000000  1631.98
134400000  1634.23
134800000  1639.44
135200000  1648.07
135600000  1648.66
136000000  1656.31
136400000  1659.48
136800000  1663.34
137200000  1670.65
137600000  1674.09
138000000  1678.49
138400000  1684.05
138800000  1689.44
139200000  1694.47
139600000  1698.57
140000000  1705.23
140400000  1707.37
140800000  1714.82
141200000  1719.22
141600000  1724.55
142000000  1729.35
142400000  1735.63
142800000  1741.08
143200000  1743.69
143600000  1750.56
144000000  1754.01
144400000  1759.39
144800000  1763.33
145200000  1770.35
145600000  1774.16
146000000  1779.61
146400000  1788.78
146800000  1786.29
147200000  1794.33
147600000  1799.66
148000000  1804.48
148400000  1809.36
148800000  1811.69
149200000  1820.37
149600000  1824.5
150000000  1829.57
150400000  1835.71
150800000  1838.15
151200000  1842.89
151600000  1850.52
152000000  1859.71
152400000  1859.7
152800000  1865.28
153200000  1869.36
153600000  1872.06
154000000  1877.62
154400000  1886.21
154800000  1891.07
155200000  1895.24
155600000  1897.45
156000000  1904.02
156400000  1910.83
156800000  1912.95
157200000  1921.11
157600000  1918.13
158000000  1927.85
158400000  1934.27
158800000  1939.93
159200000  1940.77
159600000  1948.7
160000000  1951.71
160400000  1958.61
160800000  1962.41
161200000  1972.92
161600000  1970.65
162000000  1978.26
162400000  1983.76
162800000  1989.33
163200000  1994.2
163600000  1999.55
164000000  2000.67
164400000  2003.86
164800000  2007.99
165200000  2018.27
165600000  2021.67
166000000  2028.26
166400000  2032.2
166800000  2034.92
167200000  2038.06
167600000  2048.31
168000000  2047.31
168400000  2055.86
168800000  2056.06
169200000  2067.17
169600000  2068.13
170000000  2079.69
170400000  2079.85
170800000  2080.64
171200000  2086.21
171600000  2090.93
172000000  2096.02
172400000  2106.9
172800000  2106.04
173200000  2114.65
173600000  2114.04
174000000  2130.51
174400000  2132.29
174800000  2134.44
175200000  2138.5
175600000  2144.3
176000000  2153.46
176400000  2150.06
176800000  2162.67
177200000  2164.81
177600000  2175.24
178000000  2173.34
178400000  2181.89
178800000  2183.94
179200000  2189.84
179600000  2197.87
180000000  2197.34
180400000  2208.9
180800000  2209.62
181200000  2216.53
181600000  2213.78
182000000  2230.32
182400000  2229.78
182800000  2233.79
183200000  2247.31
183600000  2245.4
184000000  2249.85
184400000  2254.13
184800000  2260.72
185200000  2258.68
185600000  2275.83
186000000  2277.37
186400000  2291.23
186800000  2285.25
187200000  2289.14
187600000  2297.99
188000000  2299.76
188400000  2310.27
188800000  2310.95
189200000  2328.96
189600000  2319.18
190000000  2334.02
190400000  2323.86
190800000  2325.79
191200000  2339.42
191600000  2351.68
192000000  2350.07
192400000  2357.3
192800000  2361.17
193200000  2370.53
193600000  2372.09
194000000  2376.22
194400000  2380.97
194800000  2388.68
195200000  2395.17
195600000  2394.95
196000000  2407.51
196400000  2392.75
196800000  2407.71
197200000  2411.66
197600000  2421.97
198000000  2432.74
198400000  2427.41
198800000  2435.73
199200000  2427.33
199600000  2448.95
200000000  2443.71
200400000  2452.98
200800000  2455.66
201200000  2465.51
201600000  2467.19
202000000  2465.8
202400000  2465.71
202800000  2467.01
203200000  2471.28
203600000  2476.32
204000000  2481.31
204400000  2485.27
204800000  2491.2
205200000  2494.85
205600000  2501.34
206000000  2506.99
206400000  2511.87
206800000  2515.19
207200000  2520.92
207600000  2524.8
208000000  2530.53
208400000  2535.66
208800000  2540.8
209200000  2547.11
209600000  2550.01
210000000  2556.36
210400000  2559.5
210800000  2567.21
211200000  2570.76
211600000  2576.34
212000000  2580.89
212400000  2586.85
212800000  2592.81
213200000  2597.19
213600000  2602.61
214000000  2607.7
214400000  2615.16
214800000  2622.63
215200000  2620.86
215600000  2628.27
216000000  2635.05
216400000  2637.05
216800000  2644.56
217200000  2647.02
217600000  2655.49
218000000  2664.52
218400000  2660.86
218800000  2671.03
219200000  2677.15
219600000  2675.59
220000000  2687.76
220400000  2688.47
220800000  2687.83
221200000  2699.49
221600000  2703.01
222000000  2707.95
222400000  2713.32
222800000  2717.6
223200000  2724.66
223600000  2724.32
224000000  2733.64
224400000  2739.8
224800000  2742.96
225200000  2743.54
225600000  2753.73
226000000  2759.54
226400000  2761.64
226800000  2765.04
227200000  2774.84
227600000  2779.58
228000000  2780.55
228400000  2785.11
228800000  2794.88
229200000  2797.32
229600000  2802.24
230000000  2800.49
230400000  2804.24
230800000  2813.06
231200000  2821.68
231600000  2824.89
232000000  2840.6
232400000  2831.91
232800000  2841.3
233200000  2851.28
233600000  2863.47
234000000  2852.32
234400000  2872.9
234800000  2880.85
235200000  2881.3
235600000  2909.94
236000000  2900.12
236400000  2905.76
236800000  2889.32
237200000  2902.12
237600000  2915.88
238000000  2933.84
238400000  2924.94
238800000  2928.36
239200000  2925.56
239600000  2925.82
240000000  2936.36
240400000  2943.04
240800000  2935.55
241200000  2942.87
241600000  2954.96
242000000  2961.27
242400000  2966.15
242800000  2996.04
243200000  2986.33
243600000  2984.49
244000000  2981.99
244400000  2992.42
244800000  3005.13
245200000  3002.1
245600000  3008.55
246000000  3012.1
246400000  3028
246800000  3069.69
247200000  3037.57
247600000  3040.69
248000000  3044.42
248400000  3034.02
248800000  3058.61
249200000  3053.7
249600000  3076.18
250000000  3077.83
250400000  3084.37
250800000  3107.25
251200000  3088.17
251600000  3089.11
252000000  3092.01
252400000  3090.74
252800000  3100.92
253200000  3104.68
253600000  3116.27
254000000  3112.79
254400000  3170.31
254800000  3139.55
255200000  3123.95
255600000  3132.43
256000000  3138.61
256400000  3140.3
256800000  3130.76
257200000  3127.73
257600000  3132.05
258000000  3137.47
258400000  3158.12
258800000  3147.36
259200000  3151.09
259600000  3157.56
260000000  3161.66
260400000  3168.17
260800000  3173.09
261200000  3178.17
261600000  3186.62
262000000  3233.51
262400000  3194.58
262800000  3198.78
263200000  3204.58
263600000  3209.64
264000000  3218.26
264400000  3220.74
264800000  3226.26
265200000  3232.34
265600000  3238.2
266000000  3260.34
266400000  3250.38
266800000  3256.8
267200000  3264.95
267600000  3262.08
268000000  3266.88
268400000  3272.76
268800000  3280.85
269200000  3285.89
269600000  3309.16
270000000  3295.9
270400000  3299.34
270800000  3303.42
271200000  3307.67
271600000  3318.85
272000000  3318.47
272400000  3326.56
272800000  3335.89
273200000  3360.32
273600000  3338.25
274000000  3350.97
274400000  3348.69
274800000  3354.74
275200000  3365.32
275600000  3364.09
276000000  3378.63
276400000  3376.01
276800000  3402.88
277200000  3391.31
277600000  3390.61
278000000  3393.45
278400000  3408.47
278800000  3403.43
279200000  3413.27
279600000  3418.77
280000000  3447.76
280400000  3449.82
280800000  3425.16
281200000  3433.87
281600000  3440.15
282000000  3454.11
282400000  3448.13
282800000  3455.92
283200000  3452.36
283600000  3491.5
284000000  3464.64
284400000  3473.28
284800000  3475.8
285200000  3474.07
285600000  3490.14
286000000  3498.99
286400000  3516.8
286800000  3506.4
287200000  3528.95
287600000  3510.09
288000000  3532.03
288400000  3523.82
288800000  3537.2
289200000  3538.54
289600000  3541.31
290000000  3556.86
290400000  3589.03
290800000  3554.47
291200000  3548.17
291600000  3568.01
292000000  3582.88
292400000  3593.12
292800000  3583.86
293200000  3587.77
293600000  3609.27
294000000  3632.58
294400000  3618.52
294800000  3619.04
295200000  3623.61
295600000  3637.63
296000000  3636.09
296400000  3643.23
296800000  3642.22
297200000  3667.77
297600000  3652.2
298000000  3677.82
298400000  3657.04
298800000  3664.89
299200000  3682
299600000  3675.83
300000000  3683.58
300400000  3693.4
300800000  3655.64
301200000  3659.66
301600000  3665.91
302000000  3672.01
302400000  3675.32
302800000  3682.98
303200000  3687.88
303600000  3723.73
304000000  3699.1
304400000  3704.21
304800000  3709.43
305200000  3718.01
305600000  3721.55
306000000  3727.42
306400000  3730.83
306800000  3801.87
307200000  3737.08
307600000  3744.54
308000000  3752.28
308400000  3757.56
308800000  3766.46
309200000  3773.68
309600000  3773.58
310000000  3799.81
310400000  3784.89
310800000  3786.52
311200000  3793.78
311600000  3804.29
312000000  3808.35
312400000  3815.88
312800000  3819.05
313200000  3856.81
313600000  3826.35
314000000  3835.68
314400000  3839.87
314800000  3849.92
315200000  3852.75
315600000  3853.38
316000000  3860.19
316400000  3879.74
316800000  3871.63
317200000  3877.19
317600000  3880.33
318000000  3886.95
318400000  3887.05
318800000  3898.6
319200000  3899.85
319600000  3923.42
320000000  3910.57
320400000  3910.01
320800000  3925.88
321200000  3926.41
321600000  3933.26
322000000  3939.4
322400000  3976.73
322800000  3938.15
323200000  3962
323600000  3958.43
324000000  3962.37
324400000  3970.78
324800000  3970.4
325200000  3981.17
325600000  3991.97
326000000  3969.27
326400000  3979.93
326800000  4006.3
327200000  4004.96
327600000  4015.29
328000000  4014.64
328400000  4038.66
328800000  4017.36
329200000  4035.74
329600000  4028.24
330000000  4032.39
330400000  4050.26
330800000  4057.34
331200000  4046.7
331600000  4066.94
332000000  4058.42
332400000  4066.11
332800000  4079.58
333200000  4073.02
333600000  4085.59
334000000  4096.12
334400000  4117.93
334800000  4095.68
335200000  4111.61
335600000  4111.25
336000000  4119.24
336400000  4116.88
336800000  4125.71
337200000  4143.28
337600000  4140.31
338000000  4146.53
338400000  4144.84
338800000  4160.17
339200000  4159.35
339600000  4168.42
340000000  4161.67
340400000  4190.44
340800000  4180.12
341200000  4194.59
341600000  4188.43
342000000  4195.97
342400000  4203.99
342800000  4210.78
343200000  4266.3
343600000  4234.8
344000000  4152
344400000  4104.11
344800000  4106.94
345200000  4111.86
345600000  4117.42
346000000  4145.67
346400000  4125.44
346800000  4129.4
347200000  4133.66
347600000  4268.65
348000000  4143.98
348400000  4154.83
348800000  4197.4
349200000  4186.14
349600000  4326.41
350000000  4168.61
350400000  4205.07
350800000  4181.29
351200000  4182.53
351600000  4261.1
352000000  4191.55
352400000  4197.33
352800000  4201.48
353200000  4207.95
353600000  4211.39
354000000  4234.07
354400000  4229.5
354800000  4265.01
355200000  4238.87
355600000  4362.14
356000000  4386.02
356400000  4352.23
356800000  4361.12
357200000  4363.44
357600000  4366.92
358000000  4364.01
358400000  4377.82
358800000  4375.75
359200000  4415.01
359600000  4422.21
360000000  4410.63
360400000  4434.4
360800000  4436.13
361200000  4440.09
361600000  4424.22
362000000  4447.38
362400000  4450.33
362800000  4450.23
363200000  4453.29
363600000  4460.5
364000000  4463.15
364400000  4453
364800000  4490.52
365200000  4489.41
365600000  4482.49
366000000  4469.3
366400000  4493.91
366800000  4495.58
367200000  4521.23
367600000  4511.26
368000000  4521.97
368400000  4520.71
368800000  4516.1
369200000  4501.57
369600000  4520.71
370000000  4521.41
370400000  4528.8
370800000  4523.77
371200000  4537.68
371600000  4544.2
372000000  4540
372400000  4542.07
372800000  4547.59
373200000  4558.16
373600000  4562.33
374000000  4570.86
374400000  4568.1
374800000  4572.5
375200000  4581.27
375600000  4581.41
376000000  4593.64
376400000  4597.17
376800000  4603.57
377200000  4610.65
377600000  4622.44
378000000  4633.83
378400000  4624.64
378800000  4649.1
379200000  4648.9
379600000  4648.41
380000000  4652.84
380400000  4644.73
380800000  4639.16
381200000  4649.36
381600000  4657.41
382000000  4654.31
382400000  4671.22
382800000  4660.21
383200000  4674.28
383600000  4688.25
384000000  4688.84
384400000  4689.12
384800000  4703.74
385200000  4708.22
385600000  4708.5
386000000  4725.98
386400000  4723.21
386800000  4726.81
387200000  4729.09
387600000  4736.59
388000000  4746.11
388400000  4740.72
388800000  4750.02
389200000  4753.71
389600000  4758.86
390000000  4758.55
390400000  4768.34
390800000  4768.32
391200000  4776.61
391600000  4780.94
392000000  4780.83
392400000  4790.16
392800000  4790.65
393200000  4791.16
393600000  4801.02
394000000  4799.59
394400000  4807.77
394800000  4819.86
395200000  4832.84
395600000  4831.12
396000000  4825.83
396400000  4838.08
396800000  4838.53
397200000  4848.75
397600000  4848.42
398000000  4851.95
398400000  4854.02
398800000  4883.26
399200000  4868.55
399600000  4869.98
