#N   Time(milli)
0  0.000183
400000  0.001537
800000  0.001457
1200000  0.001367
1600000  0.001357
2000000  0.00147
2400000  0.001446
2800000  0.001406
3200000  0.001743
3600000  0.001279
4000000  0.001451
4400000  0.00153
4800000  0.001399
5200000  0.001726
5600000  0.001396
6000000  0.001459
6400000  0.001399
6800000  0.001581
7200000  0.001438
7600000  0.001801
8000000  0.001567
8400000  0.001743
8800000  0.001517
9200000  0.001597
9600000  0.001531
10000000  0.001398
10400000  0.001375
10800000  0.001296
11200000  0.001446
11600000  0.001578
12000000  0.001694
12400000  0.001579
12800000  0.001547
13200000  0.001588
13600000  0.001586
14000000  0.001555
14400000  0.001444
14800000  0.001636
15200000  0.001716
15600000  0.001749
16000000  0.001509
16400000  0.001601
16800000  0.00152
17200000  0.001814
17600000  0.001482
18000000  0.001806
18400000  0.001585
18800000  0.001656
19200000  0.001476
19600000  0.001506
20000000  0.001398
20400000  0.001623
20800000  0.001453
21200000  0.001876
21600000  0.001419
22000000  0.001637
22400000  0.00162
22800000  0.001569
23200000  0.001757
23600000  0.001788
24000000  0.001572
24400000  0.001854
24800000  0.001635
25200000  0.001511
25600000  0.001894
26000000  0.001665
26400000  0.0018
26800000  0.001585
27200000  0.001599
27600000  0.001608
28000000  0.001577
28400000  0.001674
28800000  0.001651
29200000  0.001661
29600000  0.001647
30000000  0.001576
30400000  0.001583
30800000  0.001805
31200000  0.001525
31600000  0.001573
32000000  0.001443
32400000  0.001396
32800000  0.001633
33200000  0.001789
33600000  0.001608
34000000  0.001919
34400000  0.001711
34800000  0.001668
35200000  0.001661
35600000  0.001713
36000000  0.001662
36400000  0.001532
36800000  0.001927
37200000  0.001743
37600000  0.001732
38000000  0.002092
38400000  0.001733
38800000  0.001939
39200000  0.001635
39600000  0.00172
40000000  0.001825
40400000  0.001764
40800000  0.0018
41200000  0.001744
41600000  0.001503
42000000  0.001768
42400000  0.001721
42800000  0.001959
43200000  0.001453
43600000  0.001706
44000000  0.002038
44400000  0.001774
44800000  0.001661
45200000  0.001716
45600000  0.001654
46000000  0.001897
46400000  0.00166
46800000  0.001743
47200000  0.00176
47600000  0.001775
48000000  0.001808
48400000  0.001667
48800000  0.001844
49200000  0.00163
49600000  0.001624
50000000  0.001633
50400000  0.001543
50800000  0.002101
51200000  0.001564
51600000  0.001702
52000000  0.001604
52400000  0.001664
52800000  0.001659
53200000  0.001893
53600000  0.001689
54000000  0.001508
54400000  0.001651
54800000  0.001703
55200000  0.001902
55600000  0.00172
56000000  0.001829
56400000  0.001642
56800000  0.001666
57200000  0.002026
57600000  0.001574
58000000  0.001927
58400000  0.001915
58800000  0.001605
59200000  0.001883
59600000  0.001722
60000000  0.00158
60400000  0.001715
60800000  0.001609
61200000  0.001593
61600000  0.001653
62000000  0.001865
62400000  0.001618
62800000  0.001779
63200000  0.001601
63600000  0.001736
64000000  0.001946
64400000  0.001801
64800000  0.001603
65200000  0.00177
65600000  0.001755
66000000  0.001649
66400000  0.001951
66800000  0.001799
67200000  0.001641
67600000  0.00186
68000000  0.001974
68400000  0.001663
68800000  0.001856
69200000  0.00209
69600000  0.001845
70000000  0.001711
70400000  0.001849
70800000  0.001711
71200000  0.00209
71600000  0.001786
72000000  0.001795
72400000  0.001762
72800000  0.001684
73200000  0.001765
73600000  0.001699
74000000  0.002088
74400000  0.001815
74800000  0.001838
75200000  0.002071
75600000  0.00165
76000000  0.001885
76400000  0.001866
76800000  0.001864
77200000  0.002059
77600000  0.001846
78000000  0.001978
78400000  0.001711
78800000  0.001806
79200000  0.001702
79600000  0.001811
80000000  0.001765
80400000  0.001745
80800000  0.001992
81200000  0.00214
81600000  0.002023
82000000  0.001875
82400000  0.001759
82800000  0.001645
83200000  0.001807
83600000  0.002052
84000000  0.001699
84400000  0.001868
84800000  0.001775
85200000  0.00171
85600000  0.001878
86000000  0.001803
86400000  0.001603
86800000  0.001735
87200000  0.001814
87600000  0.001955
88000000  0.001753
88400000  0.00181
88800000  0.001705
89200000  0.001867
89600000  0.001855
90000000  0.001666
90400000  0.001841
90800000  0.001884
91200000  0.001809
91600000  0.001889
92000000  0.001971
92400000  0.002053
92800000  0.001802
93200000  0.002157
93600000  0.00161
94000000  0.001864
94400000  0.001993
94800000  0.001595
95200000  0.001841
95600000  0.00183
96000000  0.001578
96400000  0.001847
96800000  0.001654
97200000  0.00155
97600000  0.00181
98000000  0.001654
98400000  0.001701
98800000  0.001786
99200000  0.002019
99600000  0.001893
100000000  0.001876
100400000  0.002133
100800000  0.00167
101200000  0.001828
101600000  0.001783
102000000  0.001873
102400000  0.001737
102800000  0.001806
103200000  0.001793
103600000  0.001751
104000000  0.00167
104400000  0.001807
104800000  0.001737
105200000  0.001902
105600000  0.00176
106000000  0.001828
106400000  0.00171
106800000  0.001771
107200000  0.001953
107600000  0.001864
108000000  0.001896
108400000  0.001752
108800000  0.001749
109200000  0.001693
109600000  0.001781
110000000  0.001974
110400000  0.001768
110800000  0.001927
111200000  0.002104
111600000  0.001775
112000000  0.002057
112400000  0.001888
112800000  0.001889
113200000  0.002025
113600000  0.001918
114000000  0.002111
114400000  0.001635
114800000  0.001968
115200000  0.001658
115600000  0.001998
116000000  0.00186
116400000  0.001721
116800000  0.001966
117200000  0.001871
117600000  0.001766
118000000  0.002118
118400000  0.001802
118800000  0.001727
119200000  0.001863
119600000  0.00182
120000000  0.001751
120400000  0.001886
120800000  0.001879
121200000  0.001963
121600000  0.001976
122000000  0.001919
122400000  0.001711
122800000  0.002124
123200000  0.001757
123600000  0.001929
124000000  0.001889
124400000  0.002129
124800000  0.001707
125200000  0.001833
125600000  0.001857
126000000  0.001775
126400000  0.001938
126800000  0.00178
127200000  0.00176
127600000  0.001975
128000000  0.001665
128400000  0.002029
128800000  0.001699
129200000  0.001832
129600000  0.00159
130000000  0.001781
130400000  0.002147
130800000  0.001809
131200000  0.001814
131600000  0.002012
132000000  0.001721
132400000  0.001871
132800000  0.001859
133200000  0.001722
133600000  0.0021
134000000  0.00191
134400000  0.001621
134800000  0.001914
135200000  0.001988
135600000  0.001822
136000000  0.001902
136400000  0.002215
136800000  0.001715
137200000  0.002158
137600000  0.001879
138000000  0.002037
138400000  0.001818
138800000  0.00183
139200000  0.001983
139600000  0.001802
140000000  0.001785
140400000  0.001635
140800000  0.001694
141200000  0.002016
141600000  0.00178
142000000  0.002091
142400000  0.0019
142800000  0.001827
143200000  0.00216
143600000  0.001809
144000000  0.001645
144400000  0.001958
144800000  0.002067
145200000  0.001746
145600000  0.001676
146000000  0.0019
146400000  0.001822
146800000  0.002074
147200000  0.001727
147600000  0.001663
148000000  0.002088
148400000  0.001763
148800000  0.002096
149200000  0.001885
149600000  0.00182
150000000  0.00182
150400000  0.001773
150800000  0.001846
151200000  0.001613
151600000  0.001853
152000000  0.002073
152400000  0.001948
152800000  0.002072
153200000  0.001887
153600000  0.001959
154000000  0.001819
154400000  0.00189
154800000  0.001894
155200000  0.001778
155600000  0.001984
156000000  0.001786
156400000  0.001851
156800000  0.001738
157200000  0.00176
157600000  0.001857
158000000  0.001746
158400000  0.00197
158800000  0.001891
159200000  0.00193
159600000  0.002003
160000000  0.001633
160400000  0.002002
160800000  0.001818
161200000  0.001787
161600000  0.00207
162000000  0.001611
162400000  0.001822
162800000  0.001875
163200000  0.001962
163600000  0.002033
164000000  0.001906
164400000  0.001886
164800000  0.001909
165200000  0.002168
165600000  0.001891
166000000  0.001926
166400000  0.001888
166800000  0.001833
167200000  0.001973
167600000  0.001876
168000000  0.001797
168400000  0.002114
168800000  0.002093
169200000  0.001949
169600000  0.001905
170000000  0.030421
170400000  0.002381
170800000  0.001948
171200000  0.001852
171600000  0.001904
172000000  0.001832
172400000  0.001913
172800000  0.001786
173200000  0.001909
173600000  0.002092
174000000  0.001854
174400000  0.001944
174800000  0.002182
175200000  0.001908
175600000  0.001971
176000000  0.001845
176400000  0.001946
176800000  0.001833
177200000  0.001916
177600000  0.00198
178000000  0.001966
178400000  0.001918
178800000  0.001863
179200000  0.001725
179600000  0.001878
180000000  0.001737
180400000  0.001886
180800000  0.001861
181200000  0.001936
181600000  0.001933
182000000  0.001775
182400000  0.002122
182800000  0.001802
183200000  0.002206
183600000  0.001686
184000000  0.001842
184400000  0.002094
184800000  0.001858
185200000  0.001906
185600000  0.001796
186000000  0.001875
186400000  0.001879
186800000  0.001829
187200000  0.001925
187600000  0.002023
188000000  0.002084
188400000  0.001817
188800000  0.002012
189200000  0.001839
189600000  0.001731
190000000  0.001707
190400000  0.001724
190800000  0.002063
191200000  0.001957
191600000  0.001961
192000000  0.001678
192400000  0.001952
192800000  0.001844
193200000  0.001834
193600000  0.001672
194000000  0.002062
194400000  0.001527
194800000  0.002123
195200000  0.001887
195600000  0.001834
196000000  0.002172
196400000  0.001876
196800000  0.002101
197200000  0.001949
197600000  0.001994
198000000  0.0018
198400000  0.001849
198800000  0.002018
199200000  0.001853
199600000  0.001905
200000000  0.001925
200400000  0.002158
200800000  0.002031
201200000  0.002054
201600000  0.001764
202000000  0.001932
202400000  0.001962
202800000  0.00192
203200000  0.002033
203600000  0.001971
204000000  0.001853
204400000  0.001933
204800000  0.002138
205200000  0.001687
205600000  0.001878
206000000  0.00212
206400000  0.001873
206800000  0.001933
207200000  0.00219
207600000  0.001891
208000000  0.001935
208400000  0.001923
208800000  0.001759
209200000  0.002016
209600000  0.001988
210000000  0.001922
210400000  0.001935
210800000  0.001973
211200000  0.001806
211600000  0.001959
212000000  0.002168
212400000  0.001789
212800000  0.001858
213200000  0.001888
213600000  0.001948
214000000  0.002018
214400000  0.001998
214800000  0.002094
215200000  0.001915
215600000  0.002187
216000000  0.001783
216400000  0.002326
216800000  0.002019
217200000  0.001848
217600000  0.002205
218000000  0.001936
218400000  0.00193
218800000  0.002031
219200000  0.002254
219600000  0.001846
220000000  0.00191
220400000  0.002206
220800000  0.001903
221200000  0.001844
221600000  0.001953
222000000  0.002159
222400000  0.001968
222800000  0.00194
223200000  0.00181
223600000  0.001943
224000000  0.001843
224400000  0.001778
224800000  0.002213
225200000  0.002096
225600000  0.001819
226000000  0.002248
226400000  0.002096
226800000  0.00158
227200000  0.001978
227600000  0.001892
228000000  0.002104
228400000  0.002042
228800000  0.002054
229200000  0.001892
229600000  0.002031
230000000  0.001854
230400000  0.001963
230800000  0.001924
231200000  0.001993
231600000  0.001862
232000000  0.001922
232400000  0.002074
232800000  0.001921
233200000  0.001953
233600000  0.002015
234000000  0.001743
234400000  0.002004
234800000  0.001932
235200000  0.002038
235600000  0.001883
236000000  0.001894
236400000  0.002078
236800000  0.001925
237200000  0.002246
237600000  0.001754
238000000  0.001871
238400000  0.001899
238800000  0.001984
239200000  0.002134
239600000  0.001943
240000000  0.001839
240400000  0.001919
240800000  0.001921
241200000  0.002035
241600000  0.002135
242000000  0.001992
242400000  0.001903
242800000  0.002169
243200000  0.001922
243600000  0.00187
244000000  0.002201
244400000  0.001875
244800000  0.00216
245200000  0.001975
245600000  0.002072
246000000  0.001945
246400000  0.001923
246800000  0.002044
247200000  0.002022
247600000  0.002155
248000000  0.002004
248400000  0.001742
248800000  0.001898
249200000  0.001945
249600000  0.001889
250000000  0.001892
250400000  0.0021
250800000  0.001879
251200000  0.002245
251600000  0.002002
252000000  0.001853
252400000  0.002275
252800000  0.001892
253200000  0.001944
253600000  0.00192
254000000  0.001891
254400000  0.001888
254800000  0.001986
255200000  0.001943
255600000  0.00196
256000000  0.001936
256400000  0.002001
256800000  0.002087
257200000  0.001999
257600000  0.002008
258000000  0.001903
258400000  0.002107
258800000  0.00194
259200000  0.001701
259600000  0.002185
260000000  0.001867
260400000  0.001919
260800000  0.001971
261200000  0.002306
261600000  0.00195
262000000  0.002097
262400000  0.002064
262800000  0.00183
263200000  0.001959
263600000  0.001912
264000000  0.002174
264400000  0.001947
264800000  0.001931
265200000  0.002154
265600000  0.001924
266000000  0.001917
266400000  0.001789
266800000  0.002088
267200000  0.002031
267600000  0.001973
268000000  0.002197
268400000  0.001954
268800000  0.001839
269200000  0.001893
269600000  0.002028
270000000  0.001774
270400000  0.001835
270800000  0.002125
271200000  0.001802
271600000  0.002181
272000000  0.001949
272400000  0.002101
272800000  0.002131
273200000  0.002008
273600000  0.0021
274000000  0.002006
274400000  0.001974
274800000  0.001976
275200000  0.002306
275600000  0.002015
276000000  0.001883
276400000  0.002227
276800000  0.00207
277200000  0.001993
277600000  0.001995
278000000  0.002036
278400000  0.001852
278800000  0.001904
279200000  0.001971
279600000  0.001914
280000000  0.001772
280400000  0.001943
280800000  0.001904
281200000  0.001934
281600000  0.001886
282000000  0.001946
282400000  0.00202
282800000  0.001961
283200000  0.001918
283600000  0.002108
284000000  0.001937
284400000  0.001745
284800000  0.002076
285200000  0.002046
285600000  0.002016
286000000  0.001945
286400000  0.002217
286800000  0.001895
287200000  0.001969
287600000  0.002291
288000000  0.001666
288400000  0.002037
288800000  0.002002
289200000  0.002004
289600000  0.002019
290000000  0.001986
290400000  0.001956
290800000  0.001846
291200000  0.001736
291600000  0.001473
292000000  0.001909
292400000  0.002147
292800000  0.001815
293200000  0.001997
293600000  0.001959
294000000  0.002016
294400000  0.001995
294800000  0.002045
295200000  0.002029
295600000  0.001999
296000000  0.001909
296400000  0.00189
296800000  0.002132
297200000  0.002029
297600000  0.001952
298000000  0.001997
298400000  0.001978
298800000  0.00177
299200000  0.001921
299600000  0.001952
300000000  0.001973
300400000  0.001949
300800000  0.002093
301200000  0.001982
301600000  0.002243
302000000  0.001909
302400000  0.00174
302800000  0.001979
303200000  0.001904
303600000  0.002172
304000000  0.002029
304400000  0.002183
304800000  0.001862
305200000  0.002112
305600000  0.002064
306000000  0.001905
306400000  0.002095
306800000  0.001929
307200000  0.002016
307600000  0.001882
308000000  0.002102
308400000  0.001926
308800000  0.002019
309200000  0.002367
309600000  0.001924
310000000  0.001984
310400000  0.001965
310800000  0.001969
311200000  0.002063
311600000  0.001917
312000000  0.002159
312400000  0.001989
312800000  0.001976
313200000  0.001729
313600000  0.001842
314000000  0.002209
314400000  0.002065
314800000  0.002069
315200000  0.002047
315600000  0.002106
316000000  0.001881
316400000  0.002288
316800000  0.001818
317200000  0.00199
317600000  0.002204
318000000  0.001978
318400000  0.001878
318800000  0.001969
319200000  0.001956
319600000  0.0019
320000000  0.001748
320400000  0.001939
320800000  0.001966
321200000  0.002217
321600000  0.001834
322000000  0.001955
322400000  0.001986
322800000  0.001855
323200000  0.001889
323600000  0.001964
324000000  0.001821
324400000  0.001986
324800000  0.001892
325200000  0.002112
325600000  0.002029
326000000  0.005716
326400000  0.001945
326800000  0.002003
327200000  0.002341
327600000  0.001853
328000000  0.00228
328400000  0.002155
328800000  0.002047
329200000  0.002049
329600000  0.002406
330000000  0.00195
330400000  0.017631
330800000  0.001995
331200000  0.001981
331600000  0.002403
332000000  0.002094
332400000  0.001994
332800000  0.001875
333200000  0.002071
333600000  0.001944
334000000  0.001962
334400000  0.002281
334800000  0.001963
335200000  0.002115
335600000  0.002009
336000000  0.002153
336400000  0.002079
336800000  0.002094
337200000  0.002097
337600000  0.002276
338000000  0.002051
338400000  0.00188
338800000  0.001953
339200000  0.00195
339600000  0.002162
340000000  0.001954
340400000  0.002194
340800000  0.001981
341200000  0.002018
341600000  0.00204
342000000  0.001787
342400000  0.002091
342800000  0.001947
343200000  0.001927
343600000  0.001972
344000000  0.002336
344400000  0.002095
344800000  0.002019
345200000  0.00218
345600000  0.001843
346000000  0.001976
346400000  0.001905
346800000  0.001987
347200000  0.001974
347600000  0.001907
348000000  0.001842
348400000  0.001956
348800000  0.002267
349200000  0.001891
349600000  0.002212
350000000  0.001864
350400000  0.001967
350800000  0.002151
351200000  0.001974
351600000  0.001937
352000000  0.001811
352400000  0.00212
352800000  0.001845
353200000  0.001943
353600000  0.002437
354000000  0.002049
354400000  0.001969
354800000  0.001935
355200000  0.001898
355600000  0.001973
356000000  0.001971
356400000  0.002032
356800000  0.002144
357200000  0.002027
357600000  0.00194
358000000  0.002159
358400000  0.001937
358800000  0.001838
359200000  0.002213
359600000  0.001972
360000000  0.002039
360400000  0.002091
360800000  0.002012
361200000  0.001977
361600000  0.001999
362000000  0.001979
362400000  0.012532
362800000  0.023906
363200000  0.002128
363600000  0.001893
364000000  0.00187
364400000  0.002202
364800000  0.00209
365200000  0.015491
365600000  0.002345
366000000  0.002427
366400000  0.002323
366800000  0.002441
367200000  0.002459
367600000  0.002547
368000000  0.002587
368400000  0.002896
368800000  0.002772
369200000  0.002458
369600000  0.002041
370000000  0.002101
370400000  0.002745
370800000  0.001915
371200000  0.002282
371600000  0.002139
372000000  0.002084
372400000  0.002538
372800000  0.002485
373200000  0.002051
373600000  0.002153
374000000  0.002081
374400000  0.002182
374800000  0.002013
375200000  0.00219
375600000  0.002072
376000000  0.002115
376400000  0.002259
376800000  0.002027
377200000  0.00245
377600000  0.002227
378000000  0.001932
378400000  0.002032
378800000  0.002323
379200000  0.002167
379600000  0.00243
380000000  0.002267
380400000  0.002479
380800000  0.00254
381200000  0.002482
381600000  0.002116
382000000  0.002064
382400000  0.001941
382800000  0.00218
383200000  0.002132
383600000  0.002168
384000000  0.001831
384400000  0.002141
384800000  0.001997
385200000  0.00191
385600000  0.001835
386000000  0.002359
386400000  0.00189
386800000  0.002146
387200000  0.001782
387600000  0.002405
388000000  0.002039
388400000  0.002016
388800000  0.00193
389200000  0.002065
389600000  0.002204
390000000  0.002098
390400000  0.002218
390800000  0.002201
391200000  0.001944
391600000  0.002044
392000000  0.002295
392400000  0.001994
392800000  0.001999
393200000  0.002078
393600000  0.001952
394000000  0.002278
394400000  0.002117
394800000  0.001885
395200000  0.001919
395600000  0.002302
396000000  0.00196
396400000  0.00206
396800000  0.002302
397200000  0.002123
397600000  0.002274
398000000  0.002051
398400000  0.002565
398800000  0.002286
399200000  0.002415
399600000  0.001941
