#N   Time(milli)
0  0.000714
400000  0.001344
800000  0.001338
1200000  0.001357
1600000  0.001432
2000000  0.001545
2400000  0.0014
2800000  0.001458
3200000  0.00188
3600000  0.001381
4000000  0.0015
4400000  0.00194
4800000  0.00161
5200000  0.001728
5600000  0.00142
6000000  0.001565
6400000  0.001445
6800000  0.001712
7200000  0.001458
7600000  0.001676
8000000  0.002087
8400000  0.00211
8800000  0.001583
9200000  0.001679
9600000  0.00155
10000000  0.001931
10400000  0.001536
10800000  0.001413
11200000  0.001756
11600000  0.001735
12000000  0.001697
12400000  0.002267
12800000  0.001635
13200000  0.001852
13600000  0.001964
14000000  0.001935
14400000  0.001617
14800000  0.002059
15200000  0.001993
15600000  0.002088
16000000  0.002338
16400000  0.001674
16800000  0.001628
17200000  0.001758
17600000  0.001877
18000000  0.002017
18400000  0.002084
18800000  0.00208
19200000  0.001752
19600000  0.001862
20000000  0.002039
20400000  0.002088
20800000  0.002159
21200000  0.001952
21600000  0.001808
22000000  0.001813
22400000  0.001982
22800000  0.001777
23200000  0.002161
23600000  0.002054
24000000  0.001752
24400000  0.001897
24800000  0.001882
25200000  0.001589
25600000  0.001976
26000000  0.002084
26400000  0.001732
26800000  0.002085
27200000  0.001963
27600000  0.00178
28000000  0.001885
28400000  0.002284
28800000  0.001796
29200000  0.002153
29600000  0.00194
30000000  0.001862
30400000  0.001996
30800000  0.001822
31200000  0.001919
31600000  0.001572
32000000  0.001489
32400000  0.001831
32800000  0.002016
33200000  0.001829
33600000  0.001925
34000000  0.002089
34400000  0.002114
34800000  0.002152
35200000  0.001733
35600000  0.00208
36000000  0.001971
36400000  0.002125
36800000  0.001773
37200000  0.001798
37600000  0.001827
38000000  0.001999
38400000  0.002182
38800000  0.001978
39200000  0.001841
39600000  0.001861
40000000  0.001646
40400000  0.002099
40800000  0.001907
41200000  0.001911
41600000  0.001605
42000000  0.002023
42400000  0.001959
42800000  0.001847
43200000  0.001661
43600000  0.002034
44000000  0.001748
44400000  0.001787
44800000  0.001877
45200000  0.001725
45600000  0.001783
46000000  0.001902
46400000  0.001823
46800000  0.001671
47200000  0.001716
47600000  0.001764
48000000  0.001581
48400000  0.001762
48800000  0.002092
49200000  0.001709
49600000  0.001776
50000000  0.001725
50400000  0.001645
50800000  0.002158
51200000  0.001768
51600000  0.001807
52000000  0.001651
52400000  0.00169
52800000  0.001908
53200000  0.001707
53600000  0.001799
54000000  0.001845
54400000  0.001898
54800000  0.002049
55200000  0.001762
55600000  0.001873
56000000  0.001798
56400000  0.002091
56800000  0.001791
57200000  0.001881
57600000  0.001915
58000000  0.001841
58400000  0.00198
58800000  0.001945
59200000  0.001842
59600000  0.002077
60000000  0.00173
60400000  0.00188
60800000  0.001826
61200000  0.001776
61600000  0.001843
62000000  0.001838
62400000  0.001692
62800000  0.002019
63200000  0.001666
63600000  0.001845
64000000  0.001631
64400000  0.001867
64800000  0.001568
65200000  0.00183
65600000  0.00183
66000000  0.001684
66400000  0.001762
66800000  0.001902
67200000  0.001615
67600000  0.001961
68000000  0.001939
68400000  0.001891
68800000  0.001993
69200000  0.001901
69600000  0.001942
70000000  0.001694
70400000  0.00208
70800000  0.001699
71200000  0.001763
71600000  0.002232
72000000  0.001694
72400000  0.001779
72800000  0.001626
73200000  0.001784
73600000  0.001955
74000000  0.001801
74400000  0.001826
74800000  0.001922
75200000  0.002229
75600000  0.001692
76000000  0.001785
76400000  0.001988
76800000  0.001822
77200000  0.002039
77600000  0.001759
78000000  0.001655
78400000  0.001783
78800000  0.001838
79200000  0.018961
79600000  0.00201
80000000  0.001873
80400000  0.001922
80800000  0.001964
81200000  0.002295
81600000  0.002508
82000000  0.002395
82400000  0.00241
82800000  0.002239
83200000  0.001945
83600000  0.002069
84000000  0.015268
84400000  0.002302
84800000  0.002257
85200000  0.002023
85600000  0.003793
86000000  0.002187
86400000  0.001854
86800000  0.002437
87200000  0.00248
87600000  0.00218
88000000  0.002
88400000  0.002193
88800000  0.001949
89200000  0.002142
89600000  0.002094
90000000  0.001961
90400000  0.001846
90800000  0.002118
91200000  0.002467
91600000  0.00211
92000000  0.001906
92400000  0.001954
92800000  0.002464
93200000  0.001892
93600000  0.002081
94000000  0.001963
94400000  0.002381
94800000  0.001763
95200000  0.001807
95600000  0.002329
96000000  0.002035
96400000  0.001938
96800000  0.001863
97200000  0.001532
97600000  0.002018
98000000  0.001882
98400000  0.001951
98800000  0.002291
99200000  0.002378
99600000  0.002021
100000000  0.001933
100400000  0.002347
100800000  0.002111
101200000  0.002012
101600000  0.002105
102000000  0.002191
102400000  0.002079
102800000  0.002338
103200000  0.001928
103600000  0.001912
104000000  0.001925
104400000  0.001897
104800000  0.00193
105200000  0.002305
105600000  0.001902
106000000  0.001963
106400000  0.002043
106800000  0.002256
107200000  0.002458
107600000  0.002002
108000000  0.001854
108400000  0.001987
108800000  0.00217
109200000  0.001994
109600000  0.001997
110000000  0.001969
110400000  0.002037
110800000  0.002219
111200000  0.002124
111600000  0.002135
112000000  0.002163
112400000  0.002483
112800000  0.002147
113200000  0.002255
113600000  0.002346
114000000  0.002459
114400000  0.00202
114800000  0.002295
115200000  0.00218
115600000  0.002603
116000000  0.002147
116400000  0.002072
116800000  0.002166
117200000  0.002135
117600000  0.002057
118000000  0.00215
118400000  0.001804
118800000  0.001817
119200000  0.00236
119600000  0.001844
120000000  0.001925
120400000  0.002232
120800000  0.002467
121200000  0.001966
121600000  0.002099
122000000  0.002195
122400000  0.002019
122800000  0.0021
123200000  0.002032
123600000  0.002034
124000000  0.002138
124400000  0.002288
124800000  0.002185
125200000  0.002548
125600000  0.002286
126000000  0.002083
126400000  0.001931
126800000  0.002276
127200000  0.002291
127600000  0.002123
128000000  0.001923
128400000  0.002159
128800000  0.00199
129200000  0.002184
129600000  0.001888
130000000  0.002129
130400000  0.002258
130800000  0.00246
131200000  0.002131
131600000  0.002181
132000000  0.002329
132400000  0.002088
132800000  0.002281
133200000  0.002223
133600000  0.002463
134000000  0.002279
134400000  0.00227
134800000  0.002179
135200000  0.002196
135600000  0.00199
136000000  0.002518
136400000  0.002072
136800000  0.002152
137200000  0.002357
137600000  0.002417
138000000  0.002311
138400000  0.00228
138800000  0.002007
139200000  0.00204
139600000  0.001989
140000000  0.019792
140400000  0.01429
140800000  0.002321
141200000  0.00225
141600000  0.001965
142000000  0.002427
142400000  0.002114
142800000  0.002383
143200000  0.002153
143600000  0.002252
144000000  0.002014
144400000  0.002384
144800000  0.0021
145200000  0.00211
145600000  0.002198
146000000  0.002429
146400000  0.002335
146800000  0.002431
147200000  0.002293
147600000  0.002229
148000000  0.002169
148400000  0.002163
148800000  0.002271
149200000  0.002349
149600000  0.002509
150000000  0.002115
150400000  0.002442
150800000  0.00269
151200000  0.002101
151600000  0.002707
152000000  0.002297
152400000  0.002307
152800000  0.002571
153200000  0.00223
153600000  0.002457
154000000  0.002189
154400000  0.002194
154800000  0.002435
155200000  0.002402
155600000  0.00216
156000000  0.001843
156400000  0.002158
156800000  0.002727
157200000  0.002112
157600000  0.002135
158000000  0.002427
158400000  0.002249
158800000  0.002063
159200000  0.002409
159600000  0.002176
160000000  0.001971
160400000  0.001945
160800000  0.002277
161200000  0.002001
161600000  0.002377
162000000  0.001834
162400000  0.002097
162800000  0.002116
163200000  0.00226
163600000  0.002392
164000000  0.002139
164400000  0.002379
164800000  0.003072
165200000  0.002289
165600000  0.002124
166000000  0.002141
166400000  0.002022
166800000  0.002167
167200000  0.001967
167600000  0.002487
168000000  0.002458
168400000  0.002299
168800000  0.002399
169200000  0.002238
169600000  0.002221
170000000  0.002237
170400000  0.002034
170800000  0.00224
171200000  0.002105
171600000  0.002205
172000000  0.002378
172400000  0.002167
172800000  0.001967
173200000  0.002183
173600000  0.002239
174000000  0.002065
174400000  0.00223
174800000  0.002472
175200000  0.002329
175600000  0.002226
176000000  0.002259
176400000  0.001853
176800000  0.001929
177200000  0.002224
177600000  0.002052
178000000  0.002066
178400000  0.002037
178800000  0.002167
179200000  0.001932
179600000  0.001945
180000000  0.00209
180400000  0.002085
180800000  0.002363
181200000  0.001932
181600000  0.002094
182000000  0.001868
182400000  0.002156
182800000  0.001938
183200000  0.002044
183600000  0.001894
184000000  0.002056
184400000  0.002022
184800000  0.002128
185200000  0.002063
185600000  0.002009
186000000  0.002077
186400000  0.002008
186800000  0.001951
187200000  0.002032
187600000  0.002031
188000000  0.002262
188400000  0.002016
188800000  0.002386
189200000  0.00202
189600000  0.001871
190000000  0.001902
190400000  0.002298
190800000  0.002104
191200000  0.002049
191600000  0.002396
192000000  0.001868
192400000  0.002302
192800000  0.001861
193200000  0.002149
193600000  0.001819
194000000  0.002151
194400000  0.001683
194800000  0.002048
195200000  0.002255
195600000  0.001999
196000000  0.001982
196400000  0.002046
196800000  0.00251
197200000  0.002023
197600000  0.002378
198000000  0.002001
198400000  0.002064
198800000  0.002192
199200000  0.002178
199600000  0.002013
200000000  0.002004
200400000  0.002404
200800000  0.002152
201200000  0.002139
201600000  0.002076
202000000  0.002382
202400000  0.002006
202800000  0.002125
203200000  0.002229
203600000  0.002104
204000000  0.002189
204400000  0.001964
204800000  0.002132
205200000  0.001878
205600000  0.002083
206000000  0.002098
206400000  0.002406
206800000  0.002021
207200000  0.002065
207600000  0.002279
208000000  0.001941
208400000  0.002277
208800000  0.002215
209200000  0.002033
209600000  0.002178
210000000  0.00222
210400000  0.002061
210800000  0.002267
211200000  0.001987
211600000  0.002015
212000000  0.002206
212400000  0.00196
212800000  0.002278
213200000  0.002153
213600000  0.002043
214000000  0.002151
214400000  0.002099
214800000  0.002103
215200000  0.002025
215600000  0.002196
216000000  0.002017
216400000  0.002064
216800000  0.002034
217200000  0.001943
217600000  0.002192
218000000  0.002007
218400000  0.001991
218800000  0.002091
219200000  0.00234
219600000  0.002128
220000000  0.002258
220400000  0.00205
220800000  0.002332
221200000  0.00206
221600000  0.002046
222000000  0.002325
222400000  0.002146
222800000  0.002227
223200000  0.002015
223600000  0.002585
224000000  0.002131
224400000  0.002165
224800000  0.002013
225200000  0.002379
225600000  0.002121
226000000  0.002188
226400000  0.002178
226800000  0.001822
227200000  0.002424
227600000  0.001982
228000000  0.002294
228400000  0.002129
228800000  0.002382
229200000  0.002214
229600000  0.002159
230000000  0.001947
230400000  0.001984
230800000  0.002067
231200000  0.002339
231600000  0.002095
232000000  0.002299
232400000  0.002147
232800000  0.002073
233200000  0.002131
233600000  0.002078
234000000  0.002277
234400000  0.002032
234800000  0.002038
235200000  0.002085
235600000  0.002269
236000000  0.002078
236400000  0.002374
236800000  0.002061
237200000  0.002115
237600000  0.002119
238000000  0.002152
238400000  0.002356
238800000  0.002119
239200000  0.002324
239600000  0.002058
240000000  0.002256
240400000  0.002065
240800000  0.002167
241200000  0.00204
241600000  0.00247
242000000  0.0022
242400000  0.002456
242800000  0.002139
243200000  0.002108
243600000  0.002219
244000000  0.002107
244400000  0.002309
244800000  0.002079
245200000  0.0023
245600000  0.002047
246000000  0.001998
246400000  0.002036
246800000  0.002221
247200000  0.002102
247600000  0.002347
248000000  0.002131
248400000  0.001975
248800000  0.002265
249200000  0.002045
249600000  0.002299
250000000  0.002031
250400000  0.002225
250800000  0.002058
251200000  0.002461
251600000  0.002171
252000000  0.002196
252400000  0.00224
252800000  0.002218
253200000  0.002018
253600000  0.002352
254000000  0.001986
254400000  0.002026
254800000  0.002232
255200000  0.002211
255600000  0.002066
256000000  0.002007
256400000  0.002099
256800000  0.00206
257200000  0.002379
257600000  0.002111
258000000  0.002263
258400000  0.002117
258800000  0.002086
259200000  0.001887
259600000  0.00236
260000000  0.002006
260400000  0.002244
260800000  0.002195
261200000  0.002261
261600000  0.002079
262000000  0.002236
262400000  0.002427
262800000  0.002094
263200000  0.002313
263600000  0.002028
264000000  0.002136
264400000  0.002227
264800000  0.0023
265200000  0.002354
265600000  0.002561
266000000  0.002076
266400000  0.00227
266800000  0.00214
267200000  0.002389
267600000  0.002229
268000000  0.002268
268400000  0.002051
268800000  0.002036
269200000  0.002295
269600000  0.002184
270000000  0.002211
270400000  0.002021
270800000  0.002034
271200000  0.002066
271600000  0.002284
272000000  0.002045
272400000  0.002272
272800000  0.002232
273200000  0.002161
273600000  0.002031
274000000  0.002082
274400000  0.00225
274800000  0.002059
275200000  0.002236
275600000  0.002182
276000000  0.002355
276400000  0.002187
276800000  0.002474
277200000  0.002169
277600000  0.002376
278000000  0.002128
278400000  0.002191
278800000  0.002034
279200000  0.002343
279600000  0.002206
280000000  0.002383
280400000  0.002172
280800000  0.001976
281200000  0.002231
281600000  0.002215
282000000  0.00245
282400000  0.002105
282800000  0.002087
283200000  0.002251
283600000  0.002395
284000000  0.002076
284400000  0.002059
284800000  0.002047
285200000  0.002298
285600000  0.002024
286000000  0.001973
286400000  0.002353
286800000  0.002004
287200000  0.00226
287600000  0.002219
288000000  0.001969
288400000  0.001957
288800000  0.002426
289200000  0.001803
289600000  0.002438
290000000  0.002016
290400000  0.001953
290800000  0.001985
291200000  0.001802
291600000  0.001797
292000000  0.002068
292400000  0.002371
292800000  0.002092
293200000  0.002322
293600000  0.002101
294000000  0.00217
294400000  0.002152
294800000  0.002145
295200000  0.00216
295600000  0.002146
296000000  0.002252
296400000  0.002338
296800000  0.002225
297200000  0.002114
297600000  0.002232
298000000  0.002041
298400000  0.002428
298800000  0.002082
299200000  0.002351
299600000  0.00206
300000000  0.002003
300400000  0.00219
300800000  0.002139
301200000  0.002373
301600000  0.002202
302000000  0.002134
302400000  0.002021
302800000  0.00205
303200000  0.002096
303600000  0.002374
304000000  0.002193
304400000  0.002436
304800000  0.002172
305200000  0.002219
305600000  0.002217
306000000  0.002589
306400000  0.002071
306800000  0.002161
307200000  0.002297
307600000  0.002085
308000000  0.002273
308400000  0.002188
308800000  0.002378
309200000  0.002186
309600000  0.002021
310000000  0.002107
310400000  0.002427
310800000  0.002079
311200000  0.002441
311600000  0.002085
312000000  0.002209
312400000  0.00217
312800000  0.002105
313200000  0.002135
313600000  0.002068
314000000  0.002349
314400000  0.002198
314800000  0.00223
315200000  0.002043
315600000  0.002183
316000000  0.001962
316400000  0.002044
316800000  0.002041
317200000  0.002101
317600000  0.002255
318000000  0.002096
318400000  0.002404
318800000  0.002143
319200000  0.002434
319600000  0.029164
320000000  0.006424
320400000  0.002122
320800000  0.002305
321200000  0.002048
321600000  0.002145
322000000  0.002167
322400000  0.001893
322800000  0.002055
323200000  0.002162
323600000  0.002094
324000000  0.001837
324400000  0.002025
324800000  0.002087
325200000  0.002219
325600000  0.002081
326000000  0.002353
326400000  0.001934
326800000  0.002051
327200000  0.002367
327600000  0.002137
328000000  0.002047
328400000  0.00209
328800000  0.002336
329200000  0.002031
329600000  0.002522
330000000  0.00207
330400000  0.002268
330800000  0.002017
331200000  0.002145
331600000  0.002129
332000000  0.002091
332400000  0.002296
332800000  0.002023
333200000  0.002348
333600000  0.002105
334000000  0.002296
334400000  0.002127
334800000  0.002183
335200000  0.002335
335600000  0.002061
336000000  0.002046
336400000  0.002154
336800000  0.00205
337200000  0.002092
337600000  0.002144
338000000  0.002379
338400000  0.002042
338800000  0.002185
339200000  0.002195
339600000  0.002487
340000000  0.002059
340400000  0.002289
340800000  0.002224
341200000  0.002398
341600000  0.002087
342000000  0.002036
342400000  0.002431
342800000  0.002196
343200000  0.002104
343600000  0.002111
344000000  0.002477
344400000  0.002145
344800000  0.002186
345200000  0.002105
345600000  0.002212
346000000  0.00213
346400000  0.002376
346800000  0.002065
347200000  0.002262
347600000  0.002097
348000000  0.010346
348400000  0.002123
348800000  0.002415
349200000  0.002136
349600000  0.002404
350000000  0.002033
350400000  0.002204
350800000  0.002135
351200000  0.002075
351600000  0.002409
352000000  0.001992
352400000  0.002423
352800000  0.002041
353200000  0.002019
353600000  0.001984
354000000  0.002217
354400000  0.002076
354800000  0.002178
355200000  0.002118
355600000  0.002051
356000000  0.0023
356400000  0.002124
356800000  0.002317
357200000  0.002219
357600000  0.002325
358000000  0.002033
358400000  0.002157
358800000  0.002075
359200000  0.002073
359600000  0.002054
360000000  0.002479
360400000  0.002278
360800000  0.002203
361200000  0.002073
361600000  0.002087
362000000  0.002381
362400000  0.002076
362800000  0.00238
363200000  0.002186
363600000  0.002119
364000000  0.001929
364400000  0.002211
364800000  0.002178
365200000  0.002368
365600000  0.002067
366000000  0.002145
366400000  0.002162
366800000  0.0022
367200000  0.002227
367600000  0.002057
368000000  0.002228
368400000  0.002132
368800000  0.002444
369200000  0.002124
369600000  0.002377
370000000  0.002118
370400000  0.002299
370800000  0.002124
371200000  0.002482
371600000  0.002155
372000000  0.002367
372400000  0.002179
372800000  0.002221
373200000  0.002269
373600000  0.002337
374000000  0.002409
374400000  0.002057
374800000  0.002398
375200000  0.002089
375600000  0.002324
376000000  0.00221
376400000  0.002083
376800000  0.002116
377200000  0.002402
377600000  0.002196
378000000  0.002158
378400000  0.002208
378800000  0.002168
379200000  0.002068
379600000  0.002131
380000000  0.002343
380400000  0.002231
380800000  0.002384
381200000  0.002094
381600000  0.002229
382000000  0.002143
382400000  0.002659
382800000  0.002176
383200000  0.002358
383600000  0.002138
384000000  0.002116
384400000  0.002061
384800000  0.002056
385200000  0.002138
385600000  0.00206
386000000  0.002406
386400000  0.002032
386800000  0.002157
387200000  0.002046
387600000  0.002336
388000000  0.002153
388400000  0.002162
388800000  0.001989
389200000  0.002181
389600000  0.002234
390000000  0.002148
390400000  0.002406
390800000  0.00219
391200000  0.002376
391600000  0.002188
392000000  0.002627
392400000  0.00216
392800000  0.002368
393200000  0.002151
393600000  0.00239
394000000  0.002228
394400000  0.002352
394800000  0.002161
395200000  0.00224
395600000  0.002204
396000000  0.002374
396400000  0.002165
396800000  0.00261
397200000  0.002273
397600000  0.002321
398000000  0.002237
398400000  0.002575
398800000  0.002128
399200000  0.002148
399600000  0.002354
